pi-val,count
3.12,977
3.1200807265388497,31
3.120085015940489,25
3.1200897867564534,31
3.1200951248513675,33
3.120101137800253,38
3.1201079622132255,33
3.1201157742402317,32
3.1201248049921997,31
3.1201353637901863,51
3.120147874306839,50
3.120162932790224,50
3.1201716738197427,29
3.120181405895692,82
3.1201923076923075,24
3.1202046035805626,78
3.120218579234973,26
3.1202346041055717,85
3.120246659815005,28
3.1202531645569622,31
3.1202600216684724,23
3.120274914089347,105
3.120291616038882,40
3.1203007518796992,42
3.1203104786545923,35
3.120331950207469,157
3.1203501094091903,27
3.1203566121842496,38
3.1203703703703702,76
3.120385232744783,41
3.1203931203931203,39
3.1204188481675392,196
3.1204419889502764,25
3.1204481792717087,34
3.120458891013384,36
3.1204678362573097,29
3.1204819277108435,107
3.120496894409938,39
3.120507399577167,59
3.1205211726384365,30
3.1205298013245035,38
3.1205357142857144,32
3.120567375886525,303
3.12059765208111,31
3.120603015075377,29
3.120610687022901,22
3.1206225680933852,37
3.1206313416009017,19
3.1206434316353886,59
3.1206543967280163,27
3.1206611570247933,28
3.120669056152927,31
3.1206896551724137,162
3.1207115628970774,38
3.120720720720721,32
3.120728929384966,27
3.1207430340557276,106
3.1207598371777476,33
3.1207729468599035,70
3.120783460282916,25
3.120792079207921,39
3.120805369127517,34
3.120815138282387,28
3.120822622107969,43
3.1208285385500574,20
3.120833333333333,26
3.120879120879121,471
3.120925341745531,28
3.1209302325581394,31
3.120936280884265,45
3.1209439528023597,35
3.1209540034071552,42
3.120967741935484,68
3.120976692563818,25
3.1209876543209876,84
3.121001390820584,37
3.121019108280255,112
3.1210340775558167,35
3.1210428305400373,50
3.1210526315789475,39
3.121057985757884,18
3.1210762331838566,170
3.1210986267166043,36
3.121107266435986,32
3.1211146838156485,23
3.12112676056338,78
3.121140142517815,33
3.1211498973305956,64
3.121163166397415,28
3.1211717709720372,43
3.121177802944507,29
3.121212121212121,296
3.1212435233160623,18
3.12124849939976,18
3.1212553495007134,34
3.1212653778558876,35
3.1212814645308926,69
3.1212938005390836,31
3.121311475409836,114
3.1213282247765006,38
3.1213389121338913,77
3.121351766513057,39
3.121359223300971,41
3.1213640922768304,18
3.121387283236994,230
3.121412803532009,27
3.121418826739427,32
3.1214285714285714,36
3.1214361140443505,26
3.1214470284237725,86
3.1214574898785425,23
3.1214642262895174,31
3.121472392638037,34
3.121495327102804,183
3.121516164994426,25
3.121522693997072,34
3.121535181236674,64
3.1215469613259668,44
3.121552604698672,28
3.1215686274509804,152
3.1215880893300247,39
3.1215970961887476,36
3.1216056670602126,36
3.1216216216216215,129
3.1216361679224973,22
3.1216429699842023,34
3.1216494845360825,26
3.121661721068249,92
3.1216783216783215,31
3.121693121693122,87
3.1217063989962357,29
3.1217183770883055,81
3.1217292377701935,35
3.121739130434783,71
3.121748178980229,25
3.121756487025948,41
3.121771217712177,52
3.1217838765008574,40
3.121794871794872,34
3.1218045112781954,33
3.121813031161473,32
3.1218206157965196,31
3.1218274111675126,32
3.1218335343787698,29
3.12183908045977,24
3.1218441273326016,16
3.1218487394957983,31
3.121852970795569,23
3.1219512195121952,1136
3.1220512820512822,32
3.1220556745182013,24
3.122060470324748,26
3.1220657276995305,36
3.1220715166461157,30
3.122077922077922,50
3.122085048010974,40
3.122093023255814,26
3.1221020092735703,31
3.122112211221122,33
3.1221238938053095,29
3.122137404580153,35
3.122153209109731,59
3.1221621621621622,27
3.1221719457013575,76
3.1221826809015423,31
3.1221945137157108,82
3.1222076215505914,40
3.1222222222222222,93
3.122238586156112,37
3.1222444889779557,20
3.122257053291536,119
3.1222707423580784,22
3.1222780569514237,32
3.1222857142857143,24
3.1223021582733814,106
3.1223203026481716,39
3.122330097087379,38
3.122340425531915,43
3.122345803842265,25
3.1223628691983123,154
3.1223814773980156,29
3.1223880597014926,33
3.1224018475750577,88
3.12241653418124,32
3.1224242424242425,39
3.122448979591837,198
3.1224707135250265,28
3.1224764468371466,30
3.1224862888482634,42
3.1224944320712695,27
3.1225071225071224,93
3.122520420070012,35
3.122529644268775,43
3.122541603630862,24
3.122549019607843,31
3.122554067971164,23
3.1225806451612903,234
3.1226096737907763,27
3.122615803814714,32
3.1226252158894647,35
3.1226415094339623,75
3.1226551226551225,39
3.1226611226611225,30
3.1226765799256504,139
3.1226927252985885,26
3.1226993865030677,32
3.122715404699739,97
3.1227272727272726,32
3.1227364185110664,51
3.1227495908346974,30
3.1227586206896554,44
3.1227651966626935,27
3.122770199370409,26
3.1228070175438596,384
3.122842639593909,19
3.1228473019517797,28
3.1228533685601056,38
3.1228615863141522,33
3.122873345935728,42
3.1228813559322033,28
3.1228915662650603,69
3.122905027932961,30
3.122923588039867,117
3.122940430925222,36
3.122950819672131,62
3.122962962962963,37
3.1229698375870067,30
3.122994652406417,206
3.123020706455542,35
3.1230283911671926,37
3.1230425055928412,71
3.123055162659123,30
3.1230610134436403,19
3.123076923076923,129
3.123094958968347,38
3.123102866779089,48
3.123110151187905,26
3.123123123123123,105
3.1231393775372123,39
3.123152709359606,77
3.1231638418079095,19
3.1231732776617953,68
3.1231884057971016,28
3.1232,30
3.1232091690544412,34
3.1232166018158236,47
3.123222748815166,37
3.123227917121047,24
3.1232323232323234,24
3.1232876712328768,625
3.123343527013252,29
3.1233480176211454,29
3.1233532934131736,26
3.1233595800524934,36
3.123367198838897,28
3.1233766233766236,36
3.123388581952118,43
3.123404255319149,66
3.1234140715109575,31
3.123425692695214,93
3.1234396671289875,35
3.123456790123457,115
3.1234705228031148,21
3.123478260869565,29
3.123486682808717,44
3.1235059760956174,146
3.1235230934479055,27
3.123529411764706,38
3.1235431235431235,83
3.1235584843492585,36
3.123566878980892,29
3.1235721703011423,26
3.1235955056179776,216
3.1236180904522612,21
3.123623011015912,29
3.1236306729264474,42
3.123644251626898,67
3.1236559139784945,34
3.1236749116607774,118
3.1236897274633124,29
3.1236959761549925,31
3.1237113402061856,94
3.1237230419977298,29
3.123732251521298,50
3.1237458193979935,32
3.12375533428165,34
3.123762376237624,31
3.1237677984665937,25
3.123809523809524,414
3.1238485158648923,27
3.123853211009174,30
3.123859191655802,41
3.123867069486405,30
3.1238779174147218,29
3.1238938053097347,81
3.1239048811013768,34
3.123919308357349,104
3.123931623931624,21
3.1239388794567065,35
3.1239470517448855,26
3.12396694214876,154
3.1239860950173814,32
3.1239935587761676,21
3.124,23
3.12401055408971,78
3.124022346368715,21
3.124031007751938,42
3.124042879019908,34
3.1240506329113926,33
3.1240560949298812,25
3.124087591240876,325
3.124117053481332,21
3.1241217798594847,36
3.1241283124128314,29
3.1241379310344826,35
3.124153498871332,67
3.1241655540720963,27
3.1241830065359477,113
3.1241997439180538,38
3.1242105263157893,65
3.124223602484472,34
3.124231242312423,34
3.124236252545825,31
3.1242603550295858,233
3.1242873432155074,38
3.1242937853107344,26
3.12430426716141,38
3.1243124312431245,27
3.1243243243243244,86
3.124335812964931,30
3.1243432574430825,40
3.1243523316062176,45
3.1243576567317572,21
3.1243781094527363,158
3.124401913875598,26
3.1244094488188976,37
3.1244239631336406,89
3.1244377811094455,35
3.1244444444444444,27
3.124463519313305,157
3.12448132780083,22
3.124487004103967,39
3.1244979919678717,55
3.124508519003932,40
3.1245283018867926,134
3.124546553808948,39
3.1245551601423487,37
3.1245634458672877,30
3.1245791245791246,115
3.124593716143012,35
3.1246006389776357,37
3.1246073298429318,30
3.1246200607902734,117
3.1246376811594203,29
3.1246537396121883,86
3.1246684350132625,36
3.1246819338422394,88
3.1246943765281174,29
3.124705882352941,70
3.124716553287982,27
3.12472647702407,71
3.124735729386892,32
3.1247443762781186,60
3.124760076775432,33
3.124773960216998,32
3.124786324786325,43
3.124797406807131,32
3.1248073959938365,38
3.1248164464023493,39
3.1248246844319776,31
3.124832214765101,35
3.124839124839125,42
3.1248454882571077,28
3.1248513674197382,32
3.124856815578465,31
3.124861878453039,34
3.1248665955176094,27
3.1248710010319916,20
3.125,1574
3.1251271617497456,31
3.125131440588854,30
3.1251360174102287,30
3.125140924464487,30
3.1251461988304094,32
3.1251518833535843,38
3.125158027812895,34
3.1251646903820816,31
3.125171939477304,35
3.125179856115108,36
3.125188536953243,30
3.1251980982567353,32
3.1252086811352253,43
3.125220458553792,35
3.1252336448598133,38
3.125248508946322,43
3.1252566735112937,22
3.1252653927813165,74
3.1252747252747253,34
3.1252847380410023,105
3.1252955082742315,34
3.1253071253071254,78
3.125319693094629,33
3.1253333333333333,78
3.1253481894150417,32
3.1253644314868803,87
3.1253761283851555,24
3.125382262996942,37
3.1253886010362693,23
3.12540192926045,132
3.125416204217536,32
3.1254237288135593,35
3.1254315304948217,34
3.1254480286738353,117
3.125465838509317,31
3.1254752851711025,38
3.1254851228978007,44
3.125506072874494,160
3.1255230125523012,26
3.1255289139633287,28
3.1255411255411256,71
3.1255539143279174,37
3.125560538116592,28
3.125581395348837,179
3.1256038647342996,42
3.1256117455138663,36
3.1256281407035176,93
3.125638406537283,31
3.125645438898451,39
3.1256544502617802,41
3.125659978880676,32
3.1256830601092895,215
3.1257078142695356,27
3.125714285714286,27
3.125725338491296,49
3.125734430082256,30
3.125748502994012,87
3.1257631257631258,32
3.1257731958762887,58
3.1257861635220126,28
3.1257941550190598,29
3.1257995735607675,28
3.1258278145695364,275
3.125858123569794,35
3.1258644536652835,32
3.125874125874126,42
3.1258811681772407,27
3.125890736342043,88
3.125904486251809,28
3.1259105098855358,26
3.1259259259259258,120
3.125941872981701,39
3.125948406676783,40
3.125964010282776,91
3.1259754738015606,27
3.125984251968504,43
3.1259968102073366,31
3.1260053619302948,43
3.126011560693642,31
3.1260162601626016,30
3.1260504201680672,347
3.126086956521739,31
3.126092384519351,37
3.126099706744868,36
3.1261101243339255,32
3.126126126126126,73
3.126137841352406,34
3.126153846153846,104
3.1261682242990654,30
3.1261770244821094,42
3.1261872455902306,41
3.1261930010604453,33
3.1262135922330097,188
3.1262349066959385,37
3.126241134751773,32
3.12625250501002,55
3.1262626262626263,37
3.1262798634812285,132
3.1262939958592133,29
3.12630014858841,36
3.126315789473684,74
3.126328217237308,34
3.126338329764454,73
3.1263537906137184,35
3.126365054602184,41
3.1263736263736264,32
3.1263803680981597,28
3.1263858093126387,31
3.12639029322548,29
3.1264367816091956,529
3.1264864864864865,34
3.126491646778043,33
3.1264980026631157,37
3.1265060240963853,31
3.1265164644714036,34
3.126530612244898,64
3.1265397536394177,25
3.1265508684863526,71
3.1265646731571626,33
3.1265822784810124,120
3.126596980255517,29
3.126605504587156,39
3.1266149870801034,41
3.126637554585153,177
3.126658624849216,39
3.1266666666666665,44
3.126673532440783,28
3.1266846361185983,91
3.1266968325791855,31
3.1267056530214425,40
3.1267175572519084,44
3.1267252195734003,42
3.126730564430245,26
3.1267605633802815,293
3.1267916207276736,31
3.126797385620915,37
3.1268057784911716,24
3.126819126819127,69
3.126829268292683,31
3.1268436578171093,86
3.126857142857143,36
3.126865671641791,33
3.1268758526603,44
3.1268817204301076,43
3.1269035532994924,186
3.1269276393831555,37
3.126934984520124,34
3.1269487750556793,92
3.1269614835948647,33
3.1269674711437565,28
3.126984126984127,146
3.127003699136868,24
3.1270125223613596,41
3.1270207852193996,34
3.1270358306188926,110
3.127049180327869,20
3.1270553064275037,34
3.1270718232044197,85
3.1270860077021823,32
3.1270983213429258,89
3.12710911136108,27
3.1271186440677967,79
3.1271271271271273,30
3.127134724857685,38
3.127147766323024,40
3.1271585557299844,39
3.1271676300578033,29
3.1271753681392234,38
3.1271820448877805,35
3.127187864644107,29
3.1271929824561404,37
3.127197518097208,26
3.1272727272727274,885
3.127348643006263,26
3.1273532668881505,33
3.1273584905660377,31
3.1273644388398485,36
3.127371273712737,46
3.1273792093704245,37
3.127388535031847,34
3.1273996509598603,38
3.1274131274131274,45
3.127420998980632,33
3.127429805615551,70
3.12743972445465,42
3.127450980392157,81
3.1274638633377134,30
3.1274787535410766,77
3.1274961597542243,30
3.1275026343519494,34
3.12751677852349,120
3.1275327771156136,36
3.1275415896487986,28
3.127551020408163,33
3.1275720164609053,155
3.127589967284624,32
3.1275964391691393,36
3.1276102088167055,79
3.127625201938611,31
3.127633209417596,28
3.127638190954774,25
3.127659574468085,204
3.127683615819209,32
3.1276901004304163,31
3.1277013752455796,45
3.127710843373494,42
3.127725856697819,129
3.127741935483871,32
3.1277533039647576,82
3.1277683134582626,39
3.1277777777777778,27
3.12778429073857,30
3.127789046653144,30
3.1278195488721803,329
3.127853881278539,38
3.1278600269179004,43
3.1278688524590166,24
3.1278825995807127,65
3.1278928136419,34
3.127906976744186,95
3.1279199110122358,35
3.127927927927928,39
3.1279373368146213,36
3.127942681678608,25
3.1279620853080567,181
3.1279826464208242,40
3.1279887482419126,29
3.128,59
3.1280101394169835,31
3.1280276816608996,128
3.128042328042328,36
3.1280487804878048,43
3.128065395095368,96
3.12807881773399,29
3.1280898876404493,75
3.128099173553719,21
3.12810707456979,41
3.1281198003327786,49
3.1281296023564065,35
3.1281373844121534,32
3.1281437125748504,36
3.128148959474261,34
3.1281533804238144,33
3.128205128205128,576
3.1282586027111576,29
3.1282633371169126,38
3.12826899128269,38
3.1282758620689655,31
3.1282843894899535,36
3.1282952548330405,38
3.1283095723014256,73
3.1283185840707963,30
3.128329297820823,92
3.128342245989305,41
3.1283582089552238,87
3.128371089536138,42
3.1283783783783785,31
3.1283863368669023,30
3.1284046692607004,125
3.128421052631579,34
3.1284271284271283,20
3.128440366972477,90
3.1284552845528455,30
3.1284634760705288,34
3.12846865364851,36
3.1284916201117317,202
3.1285140562248994,29
3.128518971848225,31
3.128526645768025,38
3.128540305010893,78
3.1285520974289582,40
3.1285714285714286,134
3.128586609989373,29
3.128593040847201,34
3.1286089238845145,78
3.1286210892236386,30
3.128630705394191,83
3.1286449399656946,36
3.128654970760234,35
3.128662420382166,32
3.128668171557562,33
3.1286727456940224,29
3.128712871287129,406
3.128755364806867,38
3.1287605294825513,44
3.128767123287671,30
3.1287758346581875,31
3.128787878787879,39
3.1287958115183248,28
3.128805620608899,75
3.1288180610889773,35
3.128834355828221,104
3.1288483466362598,39
3.128856624319419,39
3.1288659793814433,34
3.128888888888889,183
3.1289111389236544,39
3.1289198606271778,40
3.1289274106175515,37
3.128939828080229,92
3.1289537712895377,34
3.1289640591966172,83
3.1289782244556115,38
3.128987517337032,28
3.1289940828402365,34
3.128998968008256,31
3.129032258064516,373
3.1290684624017957,31
3.1290743155149934,32
3.1290824261275274,32
3.1290944123314066,50
3.1291028446389495,43
3.1291139240506327,81
3.129129129129129,36
3.1291355389541087,27
3.129151291512915,105
3.129166666666667,32
3.1291727140783743,36
3.1291866028708135,90
3.1291963377416074,31
3.129203539823009,34
3.1292134831460676,27
3.1292200232828873,30
3.129251700680272,294
3.129281767955801,29
3.129287598944591,30
3.1292962356792144,29
3.1293103448275863,76
3.1293213828425097,36
3.1293375394321767,118
3.129353233830846,34
3.1293634496919918,68
3.1293759512937593,35
3.129383313180169,41
3.1293881644934802,28
3.1294117647058823,219
3.129438717067583,42
3.1294452347083928,33
3.1294559099437147,41
3.1294642857142856,41
3.1294765840220387,74
3.129488574537541,31
3.129496402877698,39
3.129506008010681,43
3.129511677282378,33
3.1295336787564767,205
3.1295546558704452,25
3.129559748427673,31
3.129568106312292,43
3.12958435207824,82
3.1296,34
3.1296076099881094,34
3.1296296296296298,173
3.1296505073280723,30
3.1296572280178836,38
3.1296703296703297,88
3.1296829971181555,27
3.129689174705252,33
3.1297071129707112,148
3.129724208375894,27
3.1297297297297297,39
3.129740518962076,31
3.1297509829619923,34
3.1297709923664123,134
3.129789864029666,37
3.129798903107861,31
3.1298076923076925,50
3.1298245614035087,115
3.129840546697039,32
3.1298482293423273,31
3.1298557158712543,26
3.1298701298701297,103
3.129883843717001,35
3.1298904538341157,36
3.129896907216495,33
3.1299093655589125,121
3.12992700729927,31
3.1299435028248586,88
3.1299589603283176,38
3.129973474801061,75
3.12998712998713,36
3.13,80
3.130012150668287,29
3.1300236406619386,85
3.1300345224395856,38
3.1300448430493275,78
3.130054644808743,45
3.1300639658848612,76
3.130072840790843,35
3.130081300813008,68
3.130097087378641,43
3.130111524163569,33
3.1301247771836005,41
3.1301369863013697,41
3.1301482701812193,49
3.13015873015873,30
3.1301684532924963,36
3.1301775147928996,29
3.1301859799713876,32
3.1301939058171744,31
3.1302013422818793,44
3.1302083333333335,31
3.1302149178255374,31
3.13022113022113,31
3.130227001194743,47
3.130232558139535,30
3.130237825594564,42
3.130242825607064,28
3.1302475780409043,32
3.130252100840336,39
3.1302564102564103,29
3.130260521042084,37
3.130434782608696,2301
3.130612244897959,30
3.130616509926855,37
3.1306209850107067,37
3.1306256860592754,35
3.130630630630631,30
3.130635838150289,35
3.130641330166271,30
3.1306471306471306,29
3.130653266331658,27
3.130659767141009,28
3.1306666666666665,37
3.130674002751032,37
3.1306818181818183,35
3.130690161527166,33
3.1306990881458967,36
3.130708661417323,29
3.130718954248366,35
3.130730050933786,40
3.1307420494699647,33
3.130755064456722,29
3.1307692307692307,53
3.130784708249497,72
3.130792996910402,30
3.130801687763713,78
3.130810810810811,39
3.130820399113082,75
3.130830489192264,30
3.130841121495327,84
3.1308523409363747,51
3.130864197530864,84
3.130876747141042,35
3.130890052356021,79
3.1309041835357623,36
3.13091922005571,62
3.130935251798561,30
3.130952380952381,87
3.130964467005076,28
3.130970724191063,34
3.130977130977131,35
3.130990415335463,127
3.131004366812227,47
3.131011608623549,46
3.1310190369540876,34
3.1310344827586207,120
3.1310507674144037,33
3.1310592459605027,40
3.1310679611650487,32
3.1310861423220975,128
3.1311053984575836,34
3.131115459882583,47
3.1311258278145697,37
3.131131131131131,39
3.1311475409836067,169
3.131164742917104,37
3.1311706629055007,39
3.131182795698925,78
3.131195335276968,35
3.131201764057332,30
3.1312217194570136,194
3.1312427409988386,34
3.13125,32
3.1312649164677806,76
3.1312803889789302,25
3.1312883435582823,31
3.1313131313131315,200
3.1313340227507758,36
3.1313394018205463,31
3.1313485113835378,37
3.1313559322033897,36
3.131367292225201,100
3.1313789359391966,33
3.1313868613138687,35
3.131396957123098,35
3.131403118040089,26
3.1314285714285712,238
3.131455399061033,40
3.1314623338257017,29
3.1314741035856573,38
3.1314837153196624,32
3.1314984709480123,108
3.13151364764268,34
3.1315240083507305,75
3.131537242472266,27
3.13154533844189,31
3.1315508021390372,37
3.1315789473684212,281
3.1316085489313834,29
3.1316146540027137,37
3.1316239316239316,43
3.131639722863741,72
3.1316526610644257,36
3.1316582914572866,35
3.131672597864769,128
3.1316872427983538,26
3.1316931982633864,41
3.131707317073171,82
3.131717597471022,34
3.131725417439703,36
3.1317365269461077,35
3.1317440401505645,25
3.1317494600431965,39
3.131782945736434,301
3.131818181818182,28
3.131824234354194,31
3.1318327974276525,34
3.13184584178499,67
3.131855309218203,39
3.131868131868132,70
3.1318795430944966,35
3.1318864774624373,39
3.13189448441247,43
3.1319148936170214,187
3.13193588162762,46
3.1319444444444446,44
3.1319520174482007,42
3.131964809384164,86
3.1319796954314723,35
3.131991051454139,80
3.132,34
3.132007233273056,44
3.1320182094081943,33
3.1320261437908496,37
3.13203214695752,27
3.1320368474923233,35
3.1320754716981134,439
3.1321160042964555,35
3.1321212121212123,31
3.132127955493741,25
3.132137030995106,34
3.1321499013806706,40
3.13215859030837,34
3.1321695760598502,81
3.132183908045977,35
3.1321897073662965,25
3.1322033898305084,130
3.1322207958921693,39
3.1322314049586777,84
3.1322436849925706,37
3.1322505800464038,35
3.132275132275132,220
3.1323003575685338,37
3.1323076923076925,36
3.1323210412147504,71
3.132332878581173,35
3.1323529411764706,103
3.132369299221357,27
3.1323763955342905,36
3.1323828920570267,27
3.132394366197183,85
3.132408575031526,30
3.132420091324201,93
3.132429614181439,34
3.132437619961612,53
3.1324503311258276,46
3.1324599708879184,38
3.1324675324675324,35
3.1324736225087926,35
3.1324786324786325,36
3.1325301204819276,572
3.132579650565262,22
3.1325842696629214,33
3.1325898389095417,37
3.132596685082873,36
3.1326053042121687,29
3.132616487455197,40
3.132631578947368,83
3.132641291810842,37
3.13265306122449,77
3.1326676176890156,37
3.132686084142395,121
3.132701421800948,35
3.1327102803738316,38
3.132720105124836,43
3.132725430597771,25
3.1327433628318584,169
3.1327649208282584,29
3.1327731092436975,37
3.132780082987552,32
3.1327913279132793,80
3.1328036322360955,31
3.1328125,49
3.132824427480916,30
3.1328320802005014,22
3.132837407013815,46
3.132867132867133,289
3.132897603485839,41
3.1329032258064515,22
3.132911392405063,31
3.132924335378323,73
3.132934131736527,41
3.132947976878613,75
3.1329608938547486,26
3.132969034608379,36
3.132978723404255,35
3.1329842931937173,39
3.1330049261083746,181
3.13302752293578,34
3.133034379671151,38
3.133047210300429,78
3.1330589849108366,34
3.1330645161290325,35
3.1330798479087454,152
3.133097762073027,39
3.1331058020477816,40
3.133113311331133,39
3.1331269349845203,135
3.13314447592068,33
3.133159268929504,79
3.1331719128329296,32
3.1331828442437923,94
3.1331923890063424,32
3.1332007952286283,35
3.133214920071048,39
3.13322632423756,36
3.1332357247437774,37
3.1332436069986542,33
3.133250311332503,34
3.1332560834298957,38
3.133261105092091,29
3.133265513733469,28
3.1333333333333333,748
3.1334002006018054,44
3.1334044823906084,42
3.1334093500570126,31
3.1334149326805387,36
3.1334214002642007,36
3.133428981348637,36
3.133437990580848,32
3.1334488734835357,45
3.133462282398453,42
3.13347022587269,28
3.1334792122538295,77
3.1334894613583137,37
3.133501259445844,87
3.1335149863760217,35
3.1335311572700295,78
3.1335436382754995,35
3.1335504885993486,41
3.133557800224467,28
3.1335740072202167,128
3.133592736705577,32
3.133603238866397,73
3.1336146272855134,37
3.1336206896551726,45
3.133640552995392,172
3.133663366336634,42
3.1336717428087986,41
3.133678756476684,32
3.1336898395721926,93
3.1337016574585634,31
3.133709981167608,40
3.133720930232558,38
3.1337278106508877,34
3.1337579617834397,270
3.133786848072562,32
3.133793103448276,37
3.1338028169014085,31
3.133810010214505,35
3.1338199513381997,79
3.133834586466165,37
3.133841131664853,39
3.1338582677165356,133
3.1338766006984864,34
3.133884297520661,41
3.1338912133891212,38
3.133903133903134,96
3.1339173967459324,26
3.1339285714285716,80
3.133937562940584,30
3.1339449541284403,28
3.133956386292835,28
3.1339648173207038,32
3.1339712918660285,43
3.1339764201500535,34
3.134020618556701,446
3.134065934065934,26
3.1340713407134073,52
3.1340782122905027,35
3.134087237479806,31
3.1340996168582373,52
3.1341077085533264,40
3.1341176470588237,89
3.134130146082337,32
3.1341463414634148,99
3.1341600901916573,40
3.1341681574239715,38
3.1341772151898732,37
3.134199134199134,177
3.1342200725513907,32
3.134228187919463,38
3.1342351716961496,32
3.1342465753424658,86
3.134259259259259,40
3.1342685370741483,76
3.1342812006319116,27
3.134289439374185,34
3.1342952275249725,36
3.1343283582089554,340
3.134358974358974,25
3.1343638525564805,32
3.1343705799151342,33
3.1343804537521813,40
3.134396355353075,88
3.1344086021505375,34
3.134426229508197,128
3.134443021766965,31
3.134453781512605,79
3.134466769706337,34
3.1344743276283618,32
3.134479271991911,27
3.134502923976608,238
3.1345291479820627,31
3.1345353675450762,32
3.1345454545454547,40
3.1345532831001077,42
3.134564643799472,89
3.1345755693581783,38
3.13458262350937,40
3.1345911949685537,27
3.1346153846153846,181
3.13463751438435,34
3.13464447806354,49
3.1346578366445916,80
3.134670487106017,40
3.134676564156946,38
3.1346938775510202,175
3.134715025906736,31
3.1347248576850095,48
3.134734239802225,36
3.1347517730496453,120
3.1347678369195924,30
3.13477537437604,32
3.134782608695652,36
3.134796238244514,124
3.134808853118712,28
3.1348148148148147,35
3.134831460674157,82
3.1348464619492655,30
3.1348600508905853,84
3.134872417982989,31
3.1348837209302327,63
3.1348940914158305,28
3.1349036402569594,77
3.1349124613800208,34
3.134920634920635,34
3.134935304990758,36
3.134948096885813,41
3.1349593495934958,43
3.1349693251533743,42
3.134978229317852,47
3.1349862258953167,36
3.134993446920052,37
3.135,36
3.1350059737156513,35
3.135011441647597,33
3.1350164654226127,31
3.1350210970464136,41
3.13502538071066,28
3.135135135135135,1368
3.1352459016393444,31
3.1352502662406816,38
3.1352549889135255,36
3.1352601156069366,39
3.135265700483092,34
3.1352718078381794,35
3.1352785145888595,33
3.1352859135285915,33
3.135294117647059,37
3.135303265940902,38
3.1353135313531353,39
3.1353251318101933,32
3.1353383458646618,40
3.1353535353535356,77
3.1353620146904513,31
3.1353711790393013,75
3.135381114903299,34
3.1353919239904986,71
3.1354037267080743,40
3.1354166666666665,86
3.1354309165526675,33
3.1354466858789625,88
3.1354642313546424,34
3.1354705274043435,33
3.1354838709677417,127
3.135498320268757,29
3.1355060034305318,42
3.135514018691589,35
3.1355311355311355,110
3.135549872122762,33
3.135559921414538,38
3.1355704697986577,35
3.1355759429153927,28
3.135593220338983,176
3.13561190738699,29
3.135618479880775,34
3.135632183908046,79
3.135646687697161,34
3.135654261704682,30
3.135678391959799,208
3.135699373695198,30
3.1357048748353096,44
3.1357142857142857,37
3.1357220412595006,38
3.1357340720221605,77
3.1357466063348416,30
3.135755258126195,48
3.1357664233576643,40
3.1357733175914992,38
3.1358024691358026,248
3.1358288770053475,32
3.1358344113842174,24
3.1358428805237315,45
3.1358574610244987,78
3.135869565217391,36
3.1358885017421603,124
3.135902636916836,29
3.135908440629471,43
3.1359223300970873,76
3.1359325605900947,40
3.1359404096834265,47
3.13595166163142,41
3.135959339263024,32
3.1359649122807016,23
3.136,384
3.1360332294911735,28
3.136038186157518,41
3.1360448807854135,35
3.1360544217687076,45
3.136069114470842,81
3.136079900124844,34
3.136094674556213,87
3.1361079865016874,39
3.1361161524500907,39
3.136125654450262,33
3.1361310133060387,28
3.136150234741784,181
3.1361702127659576,34
3.1361760660247593,34
3.1361867704280155,53
3.136196319018405,44
3.1362126245847177,119
3.136226034308779,35
3.136231884057971,46
3.1362467866323906,78
3.136258660508083,33
3.1362683438155137,71
3.136283185840708,43
3.1362940275650844,36
3.136302294197031,36
3.1363088057901085,42
3.1363140676117776,30
3.1363636363636362,572
3.1364124597207304,34
3.136417556346382,35
3.1364238410596026,32
3.136431784107946,36
3.1364421416234887,39
3.1364562118126273,59
3.1364653243847873,31
3.1364764267990073,97
3.136490250696379,40
3.1365079365079365,130
3.1365227537922986,29
3.1365313653136533,41
3.1365409622886866,33
3.1365461847389557,37
3.1365638766519823,167
3.1365853658536587,33
3.136593591905565,36
3.1366006256517207,29
3.1366120218579234,78
3.1366245694603903,39
3.1366336633663368,34
3.1366459627329193,37
3.136653895274585,30
3.1366594360086766,40
3.1366906474820144,330
3.136723163841808,26
3.136729222520107,36
3.1367380560131797,35
3.1367521367521367,82
3.136762860727729,31
3.13677811550152,121
3.1367924528301887,34
3.136801541425819,53
3.136812411847673,28
3.136818687430478,33
3.136842105263158,248
3.1368680641183726,32
3.136876006441224,31
3.136890951276102,69
3.136904761904762,34
3.1369112814895947,23
3.136929460580913,158
3.136950904392765,26
3.1369606003752346,41
3.136969696969697,33
3.136986301369863,134
3.1370010787486518,31
3.137007874015748,35
3.1370143149284253,31
3.1370262390670556,93
3.1370420624151967,38
3.1370558375634516,81
3.137067938021454,38
3.1370786516853935,91
3.1370882040382573,26
3.1370967741935485,79
3.137111517367459,33
3.137123745819398,42
3.13713405238829,34
3.137142857142857,39
3.137150466045273,35
3.13715710723192,32
3.1371629542790154,40
3.1371681415929205,35
3.13717277486911,25
3.1372549019607843,906
3.1373346897253307,28
3.1373390557939915,33
3.137343927355278,38
3.1373493975903615,41
3.1373555840821568,23
3.1373626373626373,39
3.137370753323486,43
3.137380191693291,43
3.137391304347826,49
3.1374045801526718,53
3.1374122367101305,31
3.1374207188160677,78
3.137430167597765,35
3.137440758293839,70
3.137452711223203,32
3.137466307277628,84
3.137481910274964,51
3.1375,124
3.1375137513751374,21
3.1375212224108657,46
3.1375291375291376,31
3.137546468401487,131
3.1375661375661377,36
3.137577002053388,82
3.1375886524822696,35
3.1375947995666307,41
3.1376146788990824,181
3.137637028014616,33
3.1376451077943615,33
3.1376518218623484,39
3.137662337662338,85
3.1376734258271077,28
3.13768115942029,35
3.1376912378303197,43
3.1376975169300225,28
3.1377245508982035,223
3.1377497371188223,34
3.1377551020408165,30
3.1377633711507293,54
3.137777777777778,77
3.1377899045020463,33
3.137809187279152,123
3.137823834196891,27
3.1378299120234603,36
3.137844611528822,94
3.137855579868709,24
3.137864077669903,52
3.1378763866877972,46
3.137884872824632,32
3.137891077636153,29
3.1378958120531153,25
3.1379310344827585,369
3.1379657603222557,33
3.137970353477765,36
3.137976346911958,37
3.137984496124031,42
3.1379962192816637,49
3.1380042462845013,29
3.138014527845036,79
3.1380281690140843,36
3.138047138047138,127
3.1380645161290324,28
3.1380753138075312,74
3.1380880121396055,37
3.138095238095238,43
3.138121546961326,202
3.138144329896907,25
3.138149556400507,24
3.138157894736842,41
3.1381733021077283,88
3.138187221396731,37
3.1381936887921653,33
3.138211382113821,175
3.1382316313823164,29
3.1382405745062836,44
3.1382488479262673,36
3.1382636655948555,107
3.1382765531062122,30
3.138282387190684,42
3.1382978723404253,91
3.138310893512852,39
3.1383219954648527,82
3.1383315733896517,33
3.1383399209486167,31
3.138353765323993,39
3.138364779874214,42
3.138373751783167,38
3.1383812010443863,29
3.138387484957882,40
3.138392857142857,35
3.138397502601457,30
3.1384615384615384,749
3.1385237613751262,35
3.1385281385281387,35
3.138533178114086,33
3.138539042821159,30
3.1385459533607682,39
3.13855421686747,41
3.1385642737896493,35
3.1385767790262173,49
3.138592750533049,72
3.138602520045819,34
3.1386138613861387,89
3.138627187079408,35
3.1386430678466075,91
3.138655462184874,35
3.1386623164763456,43
3.1386696730552424,33
3.1386861313868613,124
3.1387054161162484,39
3.1387163561076603,65
3.138728323699422,55
3.13873473917869,28
3.138755980861244,167
3.1387755102040815,29
3.138780804150454,34
3.1387900355871885,38
3.1387978142076505,24
3.138810198300283,93
3.1388235294117646,31
3.1388329979879277,87
3.138845553822153,47
3.1388535031847136,33
3.138858988159311,26
3.138888888888889,293
3.1389183457051963,31
3.1389236545682104,30
3.1389312977099237,38
3.1389432485322897,37
3.138952164009112,36
3.138964577656676,75
3.1389759665621733,28
3.1389830508474574,42
3.1389913899138993,27
3.1390134529147984,182
3.1390319258496397,28
3.1390374331550803,38
3.139047619047619,52
3.1390568319226118,38
3.1390728476821192,121
3.1390862944162436,32
3.1390922401171304,40
3.1391076115485563,88
3.1391200951248512,43
3.139130434782609,73
3.139139139139139,27
3.1391465677179964,52
3.1391585760517797,47
3.139167862266858,45
3.1391752577319587,29
3.1391812865497077,39
3.139186295503212,29
3.1392405063291138,595
3.139293139293139,33
3.1392978482446208,38
3.1393034825870645,33
3.139310344827586,29
3.1393188854489162,44
3.1393298059964727,47
3.139344262295082,75
3.1393534002229653,34
3.139364303178484,85
3.1393775372124493,34
3.139393939393939,122
3.1394072447859496,23
3.1394148020654047,44
3.139423076923077,41
3.139442231075697,141
3.1394594594594594,29
3.1394658753709197,39
3.1394799054373523,75
3.1394957983193277,35
3.139504563233377,32
3.1395101171459,23
3.13953488372093,247
3.1395592864637987,34
3.139564660691421,22
3.1395730706075535,39
3.139588100686499,72
3.1396011396011394,38
3.1396070320579113,31
3.139622641509434,150
3.1396396396396398,35
3.139646869983949,38
3.1396534148827726,30
3.1396648044692737,88
3.1396786155747836,36
3.139689578713969,81
3.1396984924623115,31
3.139705882352941,44
3.1397174254317113,48
3.1397260273972605,36
3.1397326852976915,34
3.1397379912663754,19
3.139784946236559,442
3.139830508474576,32
3.139835487661575,34
3.1398416886543536,42
3.1398496240601506,40
3.13986013986014,38
3.139874739039666,81
3.139884393063584,31
3.139896373056995,84
3.1399116347569955,40
3.139917695473251,31
3.1399317406143346,126
3.1399491094147582,34
3.1399594320486814,77
3.13997113997114,47
3.139977603583427,39
3.14,193
3.1400220507166483,31
3.14002828854314,42
3.1400394477317555,31
3.14004914004914,28
3.1400651465798046,126
3.1400832177531206,48
3.140096618357488,77
3.140106951871658,28
3.140115163147793,45
3.140127388535032,43
3.140136054421769,38
3.1401425178147266,41
3.1401475237091674,24
3.1401869158878504,463
3.140225179119754,29
3.1402298850574715,36
3.1402359108781126,31
3.1402439024390243,45
3.140255009107468,46
3.1402623612512612,34
3.1402714932126696,77
3.1402831402831404,27
3.1402985074626866,88
3.140311804008909,37
3.1403197158081704,44
3.140328697850822,31
3.1403508771929824,163
3.1403726708074533,27
3.1403812824956674,43
3.140388768898488,27
3.140401146131805,81
3.1404151404151404,44
3.1404255319148935,68
3.1404399323181047,33
3.140449438202247,42
3.140456182472989,39
3.140461215932914,32
3.1404958677685952,370
3.140529531568228,34
3.140534262485482,43
3.1405405405405404,34
3.1405492730210014,50
3.140562248995984,81
3.1405714285714286,33
3.140583554376658,90
3.140600315955766,46
3.140607424071991,36
3.140625,127
3.140642303433001,32
3.1406491499227203,35
3.1406649616368285,77
3.1406761177753544,28
3.140684410646388,47
3.140695915279879,28
3.14070351758794,31
3.140708915145005,22
3.140740740740741,341
3.1407716371220022,34
3.1407766990291264,46
3.1407837445573294,34
3.1407942238267146,45
3.1408016443987665,31
3.1408114558472553,80
3.140825035561878,38
3.1408308004052685,29
3.140845070422535,126
3.1408647140864714,43
3.140877598152425,74
3.140893470790378,40
3.140902872777018,42
3.140909090909091,36
3.140939597315436,281
3.140969162995595,34
3.1409749670619234,37
3.140983606557377,37
3.140997830802603,76
3.1410090556274257,34
3.141025641025641,112
3.1410419313850064,34
3.1410526315789475,67
3.1410658307210033,47
3.1410736579275906,24
3.141078838174274,33
3.1411042944785277,249
3.1411290322580645,38
3.141133896260555,34
3.141141141141141,35
3.1411530815109345,40
3.1411625148279954,43
3.1411764705882352,91
3.1411901983663943,40
3.141199226305609,45
3.1412103746397695,38
3.1412169919632604,31
3.1412429378531073,259
3.1412680756395996,33
3.141274238227147,40
3.141284403669725,47
3.141292442497262,25
3.141304347826087,83
3.141316073354908,27
3.1413237924865833,41
3.1413333333333333,36
3.141339001062699,30
3.141361256544503,231
3.1413828689370487,32
3.141388174807198,30
3.1413969335604772,37
3.141403865717192,34
3.1414141414141414,83
3.141424272818455,28
3.141430948419301,40
3.141439205955335,28
3.1414634146341465,189
3.1414868105515588,36
3.1414944356120826,42
3.141509433962264,77
3.141524105754277,47
3.1415313225058004,40
3.141552511415525,155
3.141573033707865,36
3.1415797317436662,47
3.1415929203539825,81
3.141605839416058,44
3.1416122004357296,34
3.1416309012875536,177
3.141649048625793,31
3.1416549789621318,44
3.1416666666666666,84
3.1416781292984868,38
3.141683778234086,32
3.1417004048582995,160
3.141721854304636,38
3.141732283464567,39
3.141742522756827,36
3.1417624521072796,136
3.1417816813048933,39
3.1417910447761193,47
3.1418002466091246,33
3.1418181818181816,144
3.141835518474374,41
3.141843971631206,42
3.141852286049238,32
3.141868512110727,131
3.1418842224744608,34
3.141891891891892,35
3.141899441340782,41
3.1419141914191417,129
3.1419284940411703,26
3.141935483870968,48
3.141942369263607,30
3.141955835962145,135
3.1419689119170986,34
3.1419753086419755,35
3.1419816138917263,29
3.1419939577039275,124
3.1420118343195265,41
3.1420289855072463,90
3.1420454545454546,33
3.1420612813370474,98
3.1420765027322406,39
3.1420911528150133,75
3.142105263157895,30
3.1421188630490957,84
3.1421319796954315,36
3.14214463840399,84
3.142156862745098,33
3.1421686746987953,74
3.1421800947867298,43
3.1421911421911424,92
3.1422018348623855,30
3.1422121896162527,77
3.1422222222222222,33
3.1422319474835887,65
3.1422413793103448,32
3.142250530785563,80
3.1422594142259412,39
3.1422680412371133,80
3.1422764227642275,33
3.1422845691382766,81
3.142300194931774,35
3.1423149905123338,47
3.142329020332717,59
3.142342342342342,42
3.142355008787346,45
3.142367066895369,38
3.1423785594639866,43
3.1423895253682486,38
3.1424,38
3.1424100156494523,47
3.1424196018376724,34
3.1424287856071964,39
3.142437591776799,40
3.1424460431654677,37
3.142454160789845,58
3.1424619640387275,40
3.1424694708276797,36
3.1424766977363516,36
3.142483660130719,34
3.142490372272144,26
3.14249684741488,32
3.1425030978934325,32
3.1425091352009744,45
3.1425149700598802,39
3.142520612485277,44
3.1425260718424104,37
3.142531356898518,28
3.142536475869809,42
3.1425414364640885,34
3.1425462459194775,29
3.142550911039657,30
3.1425554382259766,33
3.142559833506764,34
3.1425641025641027,32
3.142568250758342,39
3.142857142857143,3962
3.1431431431431434,34
3.1431472081218272,37
3.1431513903192583,42
3.143155694879833,41
3.1431601272534464,32
3.1431646932185147,33
3.1431693989071037,28
3.1431742508324083,32
3.1431792559188274,36
3.143184421534937,27
3.1431897555296855,44
3.143195266272189,39
3.1432009626955475,31
3.1432068543451654,37
3.1432129514321296,31
3.1432192648922688,34
3.1432258064516128,35
3.14323258869908,30
3.143239625167336,35
3.1432469304229196,42
3.1432545201668987,41
3.143262411347518,43
3.143270622286541,33
3.1432791728212703,36
3.143288084464555,35
3.143297380585516,35
3.1433070866141732,50
3.143317230273752,45
3.14332784184514,37
3.1433389544688026,37
3.143350604490501,49
3.1433628318584073,41
3.143375680580762,45
3.143389199255121,49
3.1434034416826004,54
3.143418467583497,34
3.1434343434343432,74
3.1434426229508197,26
3.1434511434511436,72
3.1434599156118144,34
3.143468950749465,78
3.143478260869565,30
3.143487858719647,79
3.1434977578475336,43
3.143507972665148,55
3.1435185185185186,33
3.143529411764706,85
3.1435406698564594,43
3.1435523114355233,88
3.1435643564356437,32
3.1435768261964734,79
3.1435897435897435,30
3.143603133159269,86
3.143617021276596,32
3.143631436314363,76
3.143646408839779,41
3.1436619718309857,110
3.1436781609195403,33
3.1436950146627565,92
3.143712574850299,39
3.143718592964824,31
3.143730886850153,120
3.143743536711479,33
3.14375,42
3.143756558237146,32
3.143769968051118,117
3.1437837837837836,28
3.1437908496732025,42
3.1437980241492864,33
3.1438127090301005,136
3.1438278595696487,31
3.143835616438356,42
3.143843498273878,36
3.143859649122807,128
3.1438763376932224,31
3.143884892086331,45
3.1438935912938333,37
3.143911439114391,135
3.143929912390488,40
3.143939393939394,43
3.1439490445859875,33
3.1439688715953307,124
3.1439894319682957,28
3.144,82
3.1440107671601614,39
3.1440162271805274,35
3.1440329218106995,189
3.144050104384134,39
3.144055944055944,45
3.1440677966101696,71
3.1440798858773182,42
3.1440860215053763,38
3.1441048034934496,177
3.1441241685144123,33
3.1441307578008915,47
3.144144144144144,78
3.1441578148710168,38
3.1441647597254003,29
3.144186046511628,191
3.144208037825059,45
3.144215530903328,41
3.144230769230769,64
3.1442463533225284,41
3.1442542787286065,34
3.144278606965174,158
3.144298688193744,35
3.1443037974683543,36
3.1443123938879456,22
3.1443193449334697,34
3.1443298969072164,84
3.1443406022845277,35
3.1443478260869564,36
3.1443569553805775,29
3.14436248682824,35
3.144385026737968,204
3.1444082519001086,33
3.1444141689373297,40
3.1444241316270567,58
3.1444321940463067,32
3.1444444444444444,94
3.144456886898096,40
3.144465290806754,52
3.144475920679887,45
3.1444823663253696,31
3.1445086705202314,220
3.144535840188014,37
3.144542772861357,39
3.1445544554455447,35
3.144563918757467,38
3.144578313253012,119
3.1445929526123937,47
3.144602851323829,77
3.144615384615385,34
3.1446229913473425,28
3.144628099173554,32
3.1446540880503147,277
3.1446808510638298,40
3.144686299615877,30
3.144694533762058,44
3.1447084233261338,82
3.1447196870925684,29
3.1447368421052633,138
3.144754316069057,31
3.1447661469933186,81
3.144781144781145,37
3.144790257104195,42
3.1447963800904977,29
3.1448275862068966,299
3.1448598130841123,33
3.1448663853727146,50
3.1448763250883394,39
3.144883485309017,39
3.1448931116389547,85
3.144906743185079,33
3.144912641315519,40
3.1449275362318843,141
3.144942648592284,32
3.1449487554904834,33
3.1449631449631448,83
3.1449735449735448,27
3.1449814126394053,47
3.1449925261584455,40
3.145,39
3.1450053705692804,39
3.145038167938931,350
3.1450719822812845,33
3.145077720207254,34
3.145085803432137,41
3.145098039215686,36
3.1451068616422946,42
3.1451187335092348,82
3.145135566188198,40
3.145142857142857,32
3.1451612903225805,171
3.1451800232288036,31
3.1451876019575855,46
3.14519427402863,33
3.1452054794520548,89
3.145218417945691,46
3.145228215767635,73
3.1452420701168613,41
3.1452513966480447,45
3.1452581032412965,36
3.1452631578947368,35
3.1452991452991452,367
3.1453362255965294,32
3.1453416149068323,28
3.145348837209302,43
3.1453590192644483,41
3.145374449339207,73
3.145385587863464,32
3.14540059347181,104
3.145413870246085,37
3.1454219030520645,42
3.145431145431145,36
3.1454363089267803,30
3.1454545454545455,159
3.145473041709054,37
3.145478374836173,33
3.14548802946593,50
3.1454965357967666,40
3.1455108359133126,129
3.145527369826435,26
3.1455399061032865,80
3.1455497382198954,32
3.145557655954631,39
3.1455696202531644,38
3.145578231292517,32
3.1455847255369926,32
3.1455897980871415,32
3.145631067961165,401
3.1456736035049286,42
3.145679012345679,33
3.1456859971711455,43
3.1456953642384105,36
3.1457085828343314,40
3.1457174638487206,37
3.1457286432160805,82
3.145743145743146,31
3.145748987854251,37
3.145762711864407,117
3.1457800511508953,30
3.1457905544147846,70
3.14580265095729,43
3.145809414466131,36
3.1458333333333335,225
3.14585764294049,29
3.1458646616541355,39
3.145877378435518,69
3.145888594164456,37
3.1459074733096086,127
3.1459227467811157,31
3.1459293394777266,38
3.145945945945946,83
3.145958986731001,31
3.1459694989106755,74
3.145985401459854,59
3.1459968602825747,36
3.1460055096418733,36
3.1460122699386504,34
3.146017699115044,42
3.1460221550855993,37
3.146067415730337,580
3.1461139896373056,46
3.146118721461187,39
3.1461245235069883,33
3.146131805157593,37
3.1461412151067325,42
3.146153846153846,41
3.146161934805468,35
3.1461716937354987,75
3.146183699870634,35
3.146198830409357,89
3.146211312700107,36
3.146218487394958,40
3.1462264150943398,44
3.1462450592885376,115
3.14626218851571,29
3.1462686567164178,40
3.146282973621103,79
3.1462925851703405,30
3.1462994836488813,40
3.1463087248322146,48
3.1463146314631465,35
3.1463414634146343,281
3.1463687150837987,36
3.146374829001368,37
3.146384479717813,42
3.1463917525773195,35
3.1464019851116625,78
3.146417445482866,39
3.1464245175936436,34
3.1464435146443517,175
3.1464646464646466,29
3.146473779385172,49
3.146482122260669,38
3.1464968152866244,112
3.14651493598862,46
3.146529562982005,78
3.1465416178194605,35
3.146551724137931,77
3.146567717996289,42
3.1465798045602607,37
3.146589259796807,46
3.1465968586387434,35
3.1466030989272946,28
3.1466083150984683,45
3.146612740141557,31
3.1466666666666665,629
3.1467221644120706,39
3.146726862302483,32
3.1467324290998766,30
3.1467391304347827,33
3.146747352496218,37
3.1467576791808876,34
3.146771037181996,41
3.146779303062302,21
3.146788990825688,73
3.1468005018820575,32
3.146814404432133,92
3.1468315301391034,49
3.1468381564844585,38
3.1468531468531467,124
3.1468710089399745,31
3.1468812877263583,67
3.146892655367232,39
3.14689880304679,35
3.146919431279621,187
3.146938775510204,37
3.1469440832249673,31
3.1469534050179213,44
3.146961325966851,42
3.1469740634005765,95
3.146987951807229,35
3.1469979296066253,80
3.147011308562197,39
3.147019867549669,32
3.1470258136924802,35
3.1470588235294117,334
3.14709236031927,35
3.147098515519568,53
3.147107438016529,33
3.1471215351812365,81
3.14713216957606,34
3.1471471471471473,138
3.1471610660486675,33
3.147169811320755,41
3.1471801925722147,41
3.1471861471861473,27
3.1472081218274113,217
3.147232037691402,34
3.147239263803681,44
3.147252747252747,83
3.14726507713885,51
3.1472708547888772,26
3.147286821705426,124
3.147305389221557,39
3.147313691507799,37
3.1473214285714284,35
3.147335423197492,114
3.1473533619456364,39
3.1473684210526316,78
3.1473812423873326,29
3.147392290249433,68
3.147401908801697,25
3.147410358565737,41
3.1474245115452932,40
3.1474358974358974,45
3.1474452554744525,37
3.1474530831099194,50
3.147459727385378,33
3.1474654377880182,36
3.147470398277718,37
3.1474747474747473,33
3.1475409836065573,807
3.1476091476091477,42
3.1476137624861265,45
3.1476190476190475,30
3.147625160462131,42
3.147632311977716,42
3.147640791476408,37
3.1476510067114094,37
3.147663551401869,40
3.147679324894515,66
3.1476888387824125,33
3.1476997578692494,75
3.1477124183006535,37
3.147727272727273,95
3.147738693467337,31
3.1477449455676516,39
3.147751605995717,41
3.147766323024055,128
3.147783251231527,32
3.147792706333973,38
3.14780292942743,29
3.147808358817533,37
3.1478260869565218,174
3.147846332945285,30
3.14785373608903,37
3.1478696741854635,75
3.1478800413650467,36
3.147887323943662,49
3.1478968792401627,42
3.1479028697571745,43
3.1479289940828403,260
3.147953830010493,30
3.1479591836734695,36
3.1479674796747967,33
3.1479820627802693,67
3.147994467496542,43
3.148,33
3.148014440433213,138
3.1480298189563367,40
3.1480362537764353,39
3.148051948051948,83
3.1480637813211847,32
3.1480730223123734,80
3.1480865224625623,37
3.148095909732017,35
3.1481028151774786,28
3.148108108108108,33
3.1481481481481484,415
3.1481888035126233,46
3.148194271481943,34
3.148201438848921,35
3.148211243611584,33
3.1482254697286014,72
3.1482352941176472,36
3.1482479784366575,104
3.1482649842271293,42
3.148272017837235,36
3.1482889733840302,152
3.1483050847457625,30
3.1483113069016153,39
3.148325358851675,74
3.148335015136226,31
3.148342059336824,46
3.1483516483516483,40
3.148357870894677,32
3.1483870967741936,286
3.148413510747185,36
3.148418491484185,28
3.1484257871064467,45
3.1484375,36
3.148446490218642,33
3.1484593837535013,106
3.148471615720524,39
3.148479427549195,46
3.1484888304862024,28
3.1484942886812046,35
3.1485148514851486,165
3.1485380116959063,31
3.1485451761102605,47
3.1485587583148558,82
3.1485714285714286,37
3.148577449947313,25
3.1485943775100402,164
3.1486146095717884,33
3.148623853211009,51
3.1486325802615935,38
3.1486486486486487,123
3.148663101604278,43
3.1486697965571206,29
3.1486761710794298,34
3.1486880466472305,89
3.148703956343793,36
3.1487179487179486,84
3.1487303506650544,28
3.148741418764302,70
3.1487513572204127,35
3.1487603305785123,75
3.1487758945386064,48
3.14878892733564,42
3.1488,41
3.1488095238095237,38
3.148817802503477,46
3.1488250652741514,33
3.148831488314883,30
3.1488372093023256,33
3.1488423373759646,48
3.148846960167715,31
3.148936170212766,1090
3.149023638232271,28
3.14902807775378,32
3.149032992036405,36
3.1490384615384617,38
3.1490445859872613,36
3.149051490514905,47
3.149059334298119,37
3.1490683229813663,35
3.1490787269681744,37
3.149090909090909,52
3.1491053677932404,44
3.1491136600625653,38
3.1491228070175437,82
3.1491329479768786,34
3.1491442542787285,75
3.1491569390402074,32
3.149171270718232,94
3.1491875923190547,46
3.149193548387097,34
3.149206349206349,113
3.1492204899777283,38
3.1492281303602057,40
3.1492361927144534,33
3.1492537313432836,145
3.1492734478203435,38
3.149284253578732,81
3.149295774647887,41
3.1493018259935552,32
3.1493212669683257,165
3.149342891278375,38
3.1493506493506493,32
3.149367088607595,77
3.1493775933609958,34
3.149384885764499,48
3.149394347240915,42
3.149400218102508,34
3.1494252873563218,218
3.1494483450351054,38
3.149453219927096,28
3.1494607087827426,49
3.1494736842105264,70
3.149484536082474,40
3.1495016611295683,139
3.149519890260631,37
3.149532710280374,70
3.1495422177009154,31
3.1495495495495494,47
3.1495601173020527,42
3.149567367119901,34
3.1495726495726495,36
3.1496062992125986,330
3.149638802889577,36
3.1496437054631827,32
3.14965034965035,55
3.1496598639455784,33
3.1496746203904555,77
3.149685534591195,31
3.1497005988023954,108
3.149714285714286,30
3.1497227356746764,34
3.1497326203208558,47
3.149738219895288,36
3.1497584541062804,165
3.149779735682819,45
3.149786019971469,34
3.1497975708502026,80
3.149807938540333,46
3.1498257839721253,132
3.1498405951115833,31
3.149847094801223,45
3.1498637602179835,89
3.14987714987715,30
3.149888143176734,75
3.1498973305954827,32
3.1499051233396584,38
3.1499176276771004,40
3.1499272197962154,34
3.14993481095176,38
3.1499409681227863,29
3.149946062567422,34
3.15,552
