pi-val,count
3.12,949
3.1200807265388497,28
3.120085015940489,41
3.1200897867564534,30
3.1200951248513675,29
3.120101137800253,31
3.1201079622132255,36
3.1201157742402317,36
3.1201248049921997,34
3.1201353637901863,45
3.120147874306839,44
3.120162932790224,75
3.1201716738197427,25
3.120181405895692,82
3.1201923076923075,36
3.1202046035805626,87
3.120218579234973,34
3.1202346041055717,72
3.120246659815005,29
3.1202531645569622,36
3.1202600216684724,40
3.120274914089347,117
3.120291616038882,26
3.1203007518796992,30
3.1203104786545923,38
3.120331950207469,167
3.1203501094091903,44
3.1203566121842496,41
3.1203703703703702,78
3.120385232744783,35
3.1203931203931203,30
3.1204188481675392,219
3.1204419889502764,31
3.1204481792717087,27
3.120458891013384,32
3.1204678362573097,29
3.1204819277108435,118
3.120496894409938,30
3.120507399577167,81
3.1205211726384365,36
3.1205298013245035,29
3.1205357142857144,34
3.120567375886525,293
3.12059765208111,27
3.120603015075377,26
3.120610687022901,35
3.1206225680933852,46
3.1206313416009017,32
3.1206434316353886,82
3.1206543967280163,30
3.1206611570247933,35
3.120669056152927,24
3.1206896551724137,187
3.1207115628970774,28
3.120720720720721,42
3.120728929384966,30
3.1207430340557276,109
3.1207598371777476,32
3.1207729468599035,80
3.120783460282916,46
3.120792079207921,36
3.120805369127517,31
3.120815138282387,23
3.120822622107969,41
3.1208285385500574,33
3.120833333333333,27
3.120879120879121,490
3.120925341745531,30
3.1209302325581394,26
3.120936280884265,30
3.1209439528023597,27
3.1209540034071552,29
3.120967741935484,55
3.120976692563818,31
3.1209876543209876,77
3.121001390820584,35
3.121019108280255,123
3.1210340775558167,32
3.1210428305400373,41
3.1210526315789475,36
3.121057985757884,29
3.1210762331838566,188
3.1210986267166043,29
3.121107266435986,35
3.1211146838156485,27
3.12112676056338,77
3.121140142517815,33
3.1211498973305956,69
3.121163166397415,34
3.1211717709720372,35
3.121177802944507,36
3.121212121212121,341
3.1212435233160623,30
3.12124849939976,30
3.1212553495007134,31
3.1212653778558876,40
3.1212814645308926,83
3.1212938005390836,30
3.121311475409836,114
3.1213282247765006,42
3.1213389121338913,78
3.121351766513057,30
3.121359223300971,27
3.1213640922768304,31
3.121387283236994,229
3.121412803532009,30
3.121418826739427,33
3.1214285714285714,40
3.1214361140443505,34
3.1214470284237725,86
3.1214574898785425,24
3.1214642262895174,28
3.121472392638037,30
3.121495327102804,181
3.121516164994426,37
3.121522693997072,33
3.121535181236674,72
3.1215469613259668,32
3.121552604698672,27
3.1215686274509804,138
3.1215880893300247,26
3.1215970961887476,48
3.1216056670602126,35
3.1216216216216215,121
3.1216361679224973,35
3.1216429699842023,39
3.1216494845360825,23
3.121661721068249,79
3.1216783216783215,34
3.121693121693122,69
3.1217063989962357,24
3.1217183770883055,83
3.1217292377701935,32
3.121739130434783,97
3.121748178980229,23
3.121756487025948,41
3.121771217712177,43
3.1217838765008574,34
3.121794871794872,39
3.1218045112781954,27
3.121813031161473,22
3.1218206157965196,36
3.1218274111675126,24
3.1218335343787698,36
3.12183908045977,34
3.1218441273326016,31
3.1218487394957983,30
3.121852970795569,24
3.1219512195121952,1167
3.1220512820512822,25
3.1220556745182013,34
3.122060470324748,24
3.1220657276995305,36
3.1220715166461157,36
3.122077922077922,30
3.122085048010974,37
3.122093023255814,21
3.1221020092735703,37
3.122112211221122,36
3.1221238938053095,32
3.122137404580153,28
3.122153209109731,67
3.1221621621621622,33
3.1221719457013575,90
3.1221826809015423,35
3.1221945137157108,88
3.1222076215505914,43
3.1222222222222222,83
3.122238586156112,29
3.1222444889779557,32
3.122257053291536,116
3.1222707423580784,39
3.1222780569514237,28
3.1222857142857143,33
3.1223021582733814,114
3.1223203026481716,28
3.122330097087379,48
3.122340425531915,37
3.122345803842265,23
3.1223628691983123,181
3.1223814773980156,32
3.1223880597014926,33
3.1224018475750577,94
3.12241653418124,40
3.1224242424242425,28
3.122448979591837,209
3.1224707135250265,32
3.1224764468371466,28
3.1224862888482634,44
3.1224944320712695,32
3.1225071225071224,85
3.122520420070012,30
3.122529644268775,39
3.122541603630862,34
3.122549019607843,35
3.122554067971164,22
3.1225806451612903,278
3.1226096737907763,43
3.122615803814714,35
3.1226252158894647,31
3.1226415094339623,87
3.1226551226551225,31
3.1226611226611225,24
3.1226765799256504,124
3.1226927252985885,35
3.1226993865030677,30
3.122715404699739,72
3.1227272727272726,35
3.1227364185110664,64
3.1227495908346974,28
3.1227586206896554,30
3.1227651966626935,35
3.122770199370409,22
3.1228070175438596,357
3.122842639593909,30
3.1228473019517797,31
3.1228533685601056,25
3.1228615863141522,29
3.122873345935728,32
3.1228813559322033,29
3.1228915662650603,85
3.122905027932961,34
3.122923588039867,103
3.122940430925222,24
3.122950819672131,77
3.122962962962963,37
3.1229698375870067,30
3.122994652406417,200
3.123020706455542,31
3.1230283911671926,42
3.1230425055928412,82
3.123055162659123,22
3.1230610134436403,27
3.123076923076923,135
3.123094958968347,38
3.123102866779089,32
3.123110151187905,32
3.123123123123123,107
3.1231393775372123,36
3.123152709359606,88
3.1231638418079095,40
3.1231732776617953,76
3.1231884057971016,42
3.1232,38
3.1232091690544412,34
3.1232166018158236,30
3.123222748815166,31
3.123227917121047,32
3.1232323232323234,20
3.1232876712328768,654
3.123343527013252,28
3.1233480176211454,37
3.1233532934131736,28
3.1233595800524934,38
3.123367198838897,27
3.1233766233766236,34
3.123388581952118,36
3.123404255319149,75
3.1234140715109575,34
3.123425692695214,79
3.1234396671289875,34
3.123456790123457,115
3.1234705228031148,34
3.123478260869565,40
3.123486682808717,27
3.1235059760956174,129
3.1235230934479055,36
3.123529411764706,33
3.1235431235431235,71
3.1235584843492585,33
3.123566878980892,36
3.1235721703011423,33
3.1235955056179776,213
3.1236180904522612,28
3.123623011015912,38
3.1236306729264474,30
3.123644251626898,84
3.1236559139784945,27
3.1236749116607774,120
3.1236897274633124,25
3.1236959761549925,29
3.1237113402061856,90
3.1237230419977298,37
3.123732251521298,68
3.1237458193979935,29
3.12375533428165,24
3.123762376237624,29
3.1237677984665937,28
3.123809523809524,440
3.1238485158648923,30
3.123853211009174,35
3.123859191655802,32
3.123867069486405,26
3.1238779174147218,37
3.1238938053097347,72
3.1239048811013768,25
3.123919308357349,74
3.123931623931624,35
3.1239388794567065,25
3.1239470517448855,33
3.12396694214876,156
3.1239860950173814,33
3.1239935587761676,39
3.124,25
3.12401055408971,64
3.124022346368715,33
3.124031007751938,41
3.124042879019908,41
3.1240506329113926,25
3.1240560949298812,36
3.124087591240876,331
3.124117053481332,28
3.1241217798594847,36
3.1241283124128314,25
3.1241379310344826,30
3.124153498871332,83
3.1241655540720963,31
3.1241830065359477,90
3.1241997439180538,42
3.1242105263157893,81
3.124223602484472,39
3.124231242312423,39
3.124236252545825,25
3.1242603550295858,207
3.1242873432155074,29
3.1242937853107344,19
3.12430426716141,42
3.1243124312431245,34
3.1243243243243244,77
3.124335812964931,27
3.1243432574430825,35
3.1243523316062176,34
3.1243576567317572,23
3.1243781094527363,174
3.124401913875598,33
3.1244094488188976,43
3.1244239631336406,88
3.1244377811094455,33
3.1244444444444444,36
3.124463519313305,184
3.12448132780083,26
3.124487004103967,36
3.1244979919678717,61
3.124508519003932,35
3.1245283018867926,124
3.124546553808948,30
3.1245551601423487,38
3.1245634458672877,26
3.1245791245791246,120
3.124593716143012,35
3.1246006389776357,37
3.1246073298429318,30
3.1246200607902734,113
3.1246376811594203,30
3.1246537396121883,83
3.1246684350132625,30
3.1246819338422394,93
3.1246943765281174,40
3.124705882352941,95
3.124716553287982,30
3.12472647702407,76
3.124735729386892,29
3.1247443762781186,78
3.124760076775432,41
3.124773960216998,35
3.124786324786325,33
3.124797406807131,30
3.1248073959938365,39
3.1248164464023493,35
3.1248246844319776,31
3.124832214765101,28
3.124839124839125,37
3.1248454882571077,30
3.1248513674197382,42
3.124856815578465,29
3.124861878453039,33
3.1248665955176094,37
3.1248710010319916,32
3.125,1601
3.1251271617497456,28
3.125131440588854,26
3.1251360174102287,34
3.125140924464487,37
3.1251461988304094,32
3.1251518833535843,41
3.125158027812895,31
3.1251646903820816,28
3.125171939477304,31
3.125179856115108,24
3.125188536953243,27
3.1251980982567353,46
3.1252086811352253,31
3.125220458553792,32
3.1252336448598133,33
3.125248508946322,46
3.1252566735112937,31
3.1252653927813165,82
3.1252747252747253,27
3.1252847380410023,77
3.1252955082742315,35
3.1253071253071254,84
3.125319693094629,35
3.1253333333333333,62
3.1253481894150417,29
3.1253644314868803,71
3.1253761283851555,20
3.125382262996942,36
3.1253886010362693,23
3.12540192926045,126
3.125416204217536,38
3.1254237288135593,25
3.1254315304948217,33
3.1254480286738353,122
3.125465838509317,30
3.1254752851711025,35
3.1254851228978007,30
3.125506072874494,146
3.1255230125523012,28
3.1255289139633287,24
3.1255411255411256,76
3.1255539143279174,31
3.125560538116592,35
3.125581395348837,184
3.1256038647342996,29
3.1256117455138663,28
3.1256281407035176,79
3.125638406537283,27
3.125645438898451,34
3.1256544502617802,39
3.125659978880676,32
3.1256830601092895,213
3.1257078142695356,34
3.125714285714286,30
3.125725338491296,53
3.125734430082256,41
3.125748502994012,92
3.1257631257631258,46
3.1257731958762887,74
3.1257861635220126,42
3.1257941550190598,39
3.1257995735607675,34
3.1258278145695364,262
3.125858123569794,30
3.1258644536652835,30
3.125874125874126,33
3.1258811681772407,28
3.125890736342043,91
3.125904486251809,28
3.1259105098855358,27
3.1259259259259258,140
3.125941872981701,33
3.125948406676783,28
3.125964010282776,88
3.1259754738015606,31
3.125984251968504,36
3.1259968102073366,42
3.1260053619302948,26
3.126011560693642,30
3.1260162601626016,23
3.1260504201680672,375
3.126086956521739,37
3.126092384519351,27
3.126099706744868,38
3.1261101243339255,37
3.126126126126126,84
3.126137841352406,41
3.126153846153846,113
3.1261682242990654,35
3.1261770244821094,43
3.1261872455902306,34
3.1261930010604453,28
3.1262135922330097,183
3.1262349066959385,32
3.126241134751773,23
3.12625250501002,66
3.1262626262626263,32
3.1262798634812285,113
3.1262939958592133,24
3.12630014858841,20
3.126315789473684,67
3.126328217237308,37
3.126338329764454,83
3.1263537906137184,34
3.126365054602184,44
3.1263736263736264,36
3.1263803680981597,42
3.1263858093126387,38
3.12639029322548,20
3.1264367816091956,538
3.1264864864864865,26
3.126491646778043,43
3.1264980026631157,30
3.1265060240963853,28
3.1265164644714036,32
3.126530612244898,76
3.1265397536394177,37
3.1265508684863526,89
3.1265646731571626,29
3.1265822784810124,125
3.126596980255517,28
3.126605504587156,35
3.1266149870801034,30
3.126637554585153,176
3.126658624849216,31
3.1266666666666665,32
3.126673532440783,33
3.1266846361185983,76
3.1266968325791855,35
3.1267056530214425,46
3.1267175572519084,32
3.1267252195734003,33
3.126730564430245,30
3.1267605633802815,306
3.1267916207276736,37
3.126797385620915,42
3.1268057784911716,41
3.126819126819127,76
3.126829268292683,46
3.1268436578171093,80
3.126857142857143,32
3.126865671641791,35
3.1268758526603,32
3.1268817204301076,33
3.1269035532994924,197
3.1269276393831555,42
3.126934984520124,36
3.1269487750556793,85
3.1269614835948647,33
3.1269674711437565,28
3.126984126984127,133
3.127003699136868,33
3.1270125223613596,33
3.1270207852193996,27
3.1270358306188926,107
3.127049180327869,24
3.1270553064275037,40
3.1270718232044197,80
3.1270860077021823,43
3.1270983213429258,83
3.12710911136108,26
3.1271186440677967,76
3.1271271271271273,25
3.127134724857685,42
3.127147766323024,36
3.1271585557299844,40
3.1271676300578033,25
3.1271753681392234,27
3.1271820448877805,34
3.127187864644107,25
3.1271929824561404,30
3.127197518097208,28
3.1272727272727274,931
3.127348643006263,27
3.1273532668881505,38
3.1273584905660377,36
3.1273644388398485,35
3.127371273712737,30
3.1273792093704245,36
3.127388535031847,38
3.1273996509598603,32
3.1274131274131274,51
3.127420998980632,22
3.127429805615551,76
3.12743972445465,35
3.127450980392157,91
3.1274638633377134,27
3.1274787535410766,79
3.1274961597542243,34
3.1275026343519494,39
3.12751677852349,116
3.1275327771156136,39
3.1275415896487986,37
3.127551020408163,40
3.1275720164609053,160
3.127589967284624,30
3.1275964391691393,24
3.1276102088167055,66
3.127625201938611,38
3.127633209417596,38
3.127638190954774,33
3.127659574468085,193
3.127683615819209,37
3.1276901004304163,29
3.1277013752455796,41
3.127710843373494,34
3.127725856697819,112
3.127741935483871,31
3.1277533039647576,81
3.1277683134582626,32
3.1277777777777778,30
3.12778429073857,26
3.127789046653144,19
3.1278195488721803,328
3.127853881278539,29
3.1278600269179004,35
3.1278688524590166,28
3.1278825995807127,74
3.1278928136419,47
3.127906976744186,72
3.1279199110122358,33
3.127927927927928,30
3.1279373368146213,43
3.127942681678608,21
3.1279620853080567,192
3.1279826464208242,38
3.1279887482419126,26
3.128,75
3.1280101394169835,46
3.1280276816608996,101
3.128042328042328,28
3.1280487804878048,34
3.128065395095368,82
3.12807881773399,36
3.1280898876404493,77
3.128099173553719,27
3.12810707456979,46
3.1281198003327786,34
3.1281296023564065,30
3.1281373844121534,39
3.1281437125748504,43
3.128148959474261,29
3.1281533804238144,23
3.128205128205128,614
3.1282586027111576,28
3.1282633371169126,35
3.12826899128269,43
3.1282758620689655,34
3.1282843894899535,36
3.1282952548330405,29
3.1283095723014256,76
3.1283185840707963,37
3.128329297820823,98
3.128342245989305,27
3.1283582089552238,85
3.128371089536138,27
3.1283783783783785,24
3.1283863368669023,35
3.1284046692607004,140
3.128421052631579,35
3.1284271284271283,21
3.128440366972477,83
3.1284552845528455,34
3.1284634760705288,31
3.12846865364851,34
3.1284916201117317,213
3.1285140562248994,37
3.128518971848225,37
3.128526645768025,46
3.128540305010893,79
3.1285520974289582,27
3.1285714285714286,107
3.128586609989373,32
3.128593040847201,26
3.1286089238845145,64
3.1286210892236386,29
3.128630705394191,70
3.1286449399656946,33
3.128654970760234,34
3.128662420382166,46
3.128668171557562,37
3.1286727456940224,23
3.128712871287129,438
3.128755364806867,29
3.1287605294825513,37
3.128767123287671,25
3.1287758346581875,40
3.128787878787879,43
3.1287958115183248,23
3.128805620608899,69
3.1288180610889773,28
3.128834355828221,120
3.1288483466362598,25
3.128856624319419,28
3.1288659793814433,36
3.128888888888889,189
3.1289111389236544,34
3.1289198606271778,28
3.1289274106175515,34
3.128939828080229,78
3.1289537712895377,44
3.1289640591966172,72
3.1289782244556115,34
3.128987517337032,29
3.1289940828402365,38
3.128998968008256,28
3.129032258064516,358
3.1290684624017957,35
3.1290743155149934,46
3.1290824261275274,50
3.1290944123314066,46
3.1291028446389495,34
3.1291139240506327,87
3.129129129129129,31
3.1291355389541087,36
3.129151291512915,126
3.129166666666667,32
3.1291727140783743,31
3.1291866028708135,87
3.1291963377416074,26
3.129203539823009,36
3.1292134831460676,30
3.1292200232828873,30
3.129251700680272,264
3.129281767955801,33
3.129287598944591,44
3.1292962356792144,31
3.1293103448275863,75
3.1293213828425097,44
3.1293375394321767,132
3.129353233830846,49
3.1293634496919918,75
3.1293759512937593,35
3.129383313180169,39
3.1293881644934802,37
3.1294117647058823,215
3.129438717067583,35
3.1294452347083928,36
3.1294559099437147,52
3.1294642857142856,42
3.1294765840220387,82
3.129488574537541,26
3.129496402877698,28
3.129506008010681,26
3.129511677282378,28
3.1295336787564767,201
3.1295546558704452,25
3.129559748427673,34
3.129568106312292,33
3.12958435207824,95
3.1296,44
3.1296076099881094,31
3.1296296296296298,185
3.1296505073280723,31
3.1296572280178836,37
3.1296703296703297,73
3.1296829971181555,25
3.129689174705252,32
3.1297071129707112,171
3.129724208375894,26
3.1297297297297297,27
3.129740518962076,52
3.1297509829619923,41
3.1297709923664123,150
3.129789864029666,40
3.129798903107861,35
3.1298076923076925,34
3.1298245614035087,106
3.129840546697039,31
3.1298482293423273,28
3.1298557158712543,30
3.1298701298701297,112
3.129883843717001,24
3.1298904538341157,49
3.129896907216495,27
3.1299093655589125,120
3.12992700729927,27
3.1299435028248586,93
3.1299589603283176,22
3.129973474801061,76
3.12998712998713,38
3.13,81
3.130012150668287,39
3.1300236406619386,90
3.1300345224395856,22
3.1300448430493275,80
3.130054644808743,30
3.1300639658848612,88
3.130072840790843,33
3.130081300813008,84
3.130097087378641,39
3.130111524163569,42
3.1301247771836005,31
3.1301369863013697,28
3.1301482701812193,31
3.13015873015873,41
3.1301684532924963,35
3.1301775147928996,31
3.1301859799713876,29
3.1301939058171744,35
3.1302013422818793,27
3.1302083333333335,41
3.1302149178255374,37
3.13022113022113,41
3.130227001194743,37
3.130232558139535,32
3.130237825594564,41
3.130242825607064,31
3.1302475780409043,35
3.130252100840336,28
3.1302564102564103,28
3.130260521042084,39
3.130434782608696,2351
3.130612244897959,33
3.130616509926855,25
3.1306209850107067,28
3.1306256860592754,29
3.130630630630631,27
3.130635838150289,27
3.130641330166271,26
3.1306471306471306,34
3.130653266331658,38
3.130659767141009,38
3.1306666666666665,25
3.130674002751032,26
3.1306818181818183,38
3.130690161527166,33
3.1306990881458967,32
3.130708661417323,51
3.130718954248366,37
3.130730050933786,37
3.1307420494699647,36
3.130755064456722,45
3.1307692307692307,48
3.130784708249497,77
3.130792996910402,30
3.130801687763713,70
3.130810810810811,36
3.130820399113082,74
3.130830489192264,33
3.130841121495327,74
3.1308523409363747,34
3.130864197530864,76
3.130876747141042,42
3.130890052356021,77
3.1309041835357623,30
3.13091922005571,78
3.130935251798561,33
3.130952380952381,88
3.130964467005076,30
3.130970724191063,33
3.130977130977131,31
3.130990415335463,139
3.131004366812227,30
3.131011608623549,31
3.1310190369540876,33
3.1310344827586207,100
3.1310507674144037,38
3.1310592459605027,29
3.1310679611650487,41
3.1310861423220975,142
3.1311053984575836,36
3.131115459882583,46
3.1311258278145697,34
3.131131131131131,36
3.1311475409836067,160
3.131164742917104,32
3.1311706629055007,31
3.131182795698925,77
3.131195335276968,35
3.131201764057332,31
3.1312217194570136,182
3.1312427409988386,35
3.13125,45
3.1312649164677806,69
3.1312803889789302,31
3.1312883435582823,37
3.1313131313131315,203
3.1313340227507758,34
3.1313394018205463,37
3.1313485113835378,24
3.1313559322033897,28
3.131367292225201,61
3.1313789359391966,25
3.1313868613138687,36
3.131396957123098,37
3.131403118040089,27
3.1314285714285712,224
3.131455399061033,30
3.1314623338257017,32
3.1314741035856573,56
3.1314837153196624,42
3.1314984709480123,117
3.13151364764268,40
3.1315240083507305,82
3.131537242472266,35
3.13154533844189,45
3.1315508021390372,22
3.1315789473684212,278
3.1316085489313834,31
3.1316146540027137,25
3.1316239316239316,31
3.131639722863741,69
3.1316526610644257,34
3.1316582914572866,22
3.131672597864769,116
3.1316872427983538,30
3.1316931982633864,30
3.131707317073171,78
3.131717597471022,20
3.131725417439703,39
3.1317365269461077,34
3.1317440401505645,38
3.1317494600431965,37
3.131782945736434,345
3.131818181818182,29
3.131824234354194,26
3.1318327974276525,41
3.13184584178499,86
3.131855309218203,38
3.131868131868132,80
3.1318795430944966,31
3.1318864774624373,34
3.13189448441247,34
3.1319148936170214,200
3.13193588162762,35
3.1319444444444446,32
3.1319520174482007,30
3.131964809384164,75
3.1319796954314723,43
3.131991051454139,82
3.132,32
3.132007233273056,29
3.1320182094081943,39
3.1320261437908496,36
3.13203214695752,29
3.1320368474923233,34
3.1320754716981134,473
3.1321160042964555,34
3.1321212121212123,37
3.132127955493741,30
3.132137030995106,38
3.1321499013806706,57
3.13215859030837,30
3.1321695760598502,76
3.132183908045977,40
3.1321897073662965,32
3.1322033898305084,116
3.1322207958921693,37
3.1322314049586777,76
3.1322436849925706,41
3.1322505800464038,36
3.132275132275132,204
3.1323003575685338,31
3.1323076923076925,40
3.1323210412147504,62
3.132332878581173,21
3.1323529411764706,133
3.132369299221357,29
3.1323763955342905,42
3.1323828920570267,38
3.132394366197183,80
3.132408575031526,42
3.132420091324201,77
3.132429614181439,31
3.132437619961612,55
3.1324503311258276,29
3.1324599708879184,36
3.1324675324675324,38
3.1324736225087926,36
3.1324786324786325,26
3.1325301204819276,575
3.132579650565262,25
3.1325842696629214,30
3.1325898389095417,42
3.132596685082873,33
3.1326053042121687,39
3.132616487455197,33
3.132631578947368,67
3.132641291810842,25
3.13265306122449,79
3.1326676176890156,27
3.132686084142395,114
3.132701421800948,26
3.1327102803738316,50
3.132720105124836,42
3.132725430597771,30
3.1327433628318584,182
3.1327649208282584,29
3.1327731092436975,39
3.132780082987552,25
3.1327913279132793,75
3.1328036322360955,32
3.1328125,45
3.132824427480916,35
3.1328320802005014,35
3.132837407013815,32
3.132867132867133,258
3.132897603485839,28
3.1329032258064515,42
3.132911392405063,37
3.132924335378323,79
3.132934131736527,30
3.132947976878613,77
3.1329608938547486,33
3.132969034608379,34
3.132978723404255,38
3.1329842931937173,36
3.1330049261083746,179
3.13302752293578,29
3.133034379671151,34
3.133047210300429,76
3.1330589849108366,24
3.1330645161290325,32
3.1330798479087454,140
3.133097762073027,37
3.1331058020477816,32
3.133113311331133,24
3.1331269349845203,121
3.13314447592068,35
3.133159268929504,75
3.1331719128329296,34
3.1331828442437923,79
3.1331923890063424,33
3.1332007952286283,53
3.133214920071048,30
3.13322632423756,38
3.1332357247437774,28
3.1332436069986542,29
3.133250311332503,40
3.1332560834298957,36
3.133261105092091,28
3.133265513733469,33
3.1333333333333333,809
3.1334002006018054,24
3.1334044823906084,24
3.1334093500570126,40
3.1334149326805387,32
3.1334214002642007,36
3.133428981348637,35
3.133437990580848,45
3.1334488734835357,31
3.133462282398453,42
3.13347022587269,32
3.1334792122538295,72
3.1334894613583137,32
3.133501259445844,83
3.1335149863760217,24
3.1335311572700295,102
3.1335436382754995,34
3.1335504885993486,41
3.133557800224467,36
3.1335740072202167,115
3.133592736705577,41
3.133603238866397,85
3.1336146272855134,31
3.1336206896551726,33
3.133640552995392,179
3.133663366336634,38
3.1336717428087986,35
3.133678756476684,30
3.1336898395721926,72
3.1337016574585634,36
3.133709981167608,43
3.133720930232558,38
3.1337278106508877,29
3.1337579617834397,294
3.133786848072562,28
3.133793103448276,29
3.1338028169014085,29
3.133810010214505,33
3.1338199513381997,71
3.133834586466165,39
3.133841131664853,27
3.1338582677165356,158
3.1338766006984864,35
3.133884297520661,29
3.1338912133891212,39
3.133903133903134,81
3.1339173967459324,40
3.1339285714285716,75
3.133937562940584,33
3.1339449541284403,37
3.133956386292835,43
3.1339648173207038,27
3.1339712918660285,25
3.1339764201500535,29
3.134020618556701,474
3.134065934065934,28
3.1340713407134073,30
3.1340782122905027,30
3.134087237479806,33
3.1340996168582373,50
3.1341077085533264,34
3.1341176470588237,88
3.134130146082337,39
3.1341463414634148,127
3.1341600901916573,30
3.1341681574239715,34
3.1341772151898732,41
3.134199134199134,170
3.1342200725513907,37
3.134228187919463,38
3.1342351716961496,31
3.1342465753424658,66
3.134259259259259,34
3.1342685370741483,70
3.1342812006319116,38
3.134289439374185,32
3.1342952275249725,31
3.1343283582089554,319
3.134358974358974,36
3.1343638525564805,33
3.1343705799151342,39
3.1343804537521813,32
3.134396355353075,89
3.1344086021505375,31
3.134426229508197,116
3.134443021766965,30
3.134453781512605,76
3.134466769706337,44
3.1344743276283618,28
3.134479271991911,28
3.134502923976608,223
3.1345291479820627,40
3.1345353675450762,30
3.1345454545454547,33
3.1345532831001077,26
3.134564643799472,83
3.1345755693581783,31
3.13458262350937,34
3.1345911949685537,40
3.1346153846153846,198
3.13463751438435,39
3.13464447806354,42
3.1346578366445916,77
3.134670487106017,34
3.134676564156946,30
3.1346938775510202,164
3.134715025906736,39
3.1347248576850095,50
3.134734239802225,43
3.1347517730496453,113
3.1347678369195924,25
3.13477537437604,31
3.134782608695652,29
3.134796238244514,131
3.134808853118712,34
3.1348148148148147,37
3.134831460674157,86
3.1348464619492655,39
3.1348600508905853,69
3.134872417982989,28
3.1348837209302327,81
3.1348940914158305,30
3.1349036402569594,82
3.1349124613800208,35
3.134920634920635,48
3.134935304990758,40
3.134948096885813,39
3.1349593495934958,41
3.1349693251533743,42
3.134978229317852,33
3.1349862258953167,26
3.134993446920052,33
3.135,38
3.1350059737156513,23
3.135011441647597,39
3.1350164654226127,31
3.1350210970464136,40
3.13502538071066,35
3.135135135135135,1423
3.1352459016393444,37
3.1352502662406816,24
3.1352549889135255,37
3.1352601156069366,34
3.135265700483092,33
3.1352718078381794,50
3.1352785145888595,37
3.1352859135285915,35
3.135294117647059,41
3.135303265940902,37
3.1353135313531353,32
3.1353251318101933,30
3.1353383458646618,42
3.1353535353535356,84
3.1353620146904513,27
3.1353711790393013,81
3.135381114903299,34
3.1353919239904986,76
3.1354037267080743,34
3.1354166666666665,72
3.1354309165526675,29
3.1354466858789625,80
3.1354642313546424,41
3.1354705274043435,30
3.1354838709677417,101
3.135498320268757,45
3.1355060034305318,37
3.135514018691589,30
3.1355311355311355,123
3.135549872122762,25
3.135559921414538,55
3.1355704697986577,33
3.1355759429153927,41
3.135593220338983,191
3.13561190738699,30
3.135618479880775,39
3.135632183908046,79
3.135646687697161,33
3.135654261704682,38
3.135678391959799,219
3.135699373695198,40
3.1357048748353096,27
3.1357142857142857,41
3.1357220412595006,29
3.1357340720221605,79
3.1357466063348416,27
3.135755258126195,47
3.1357664233576643,34
3.1357733175914992,24
3.1358024691358026,285
3.1358288770053475,32
3.1358344113842174,43
3.1358428805237315,35
3.1358574610244987,81
3.135869565217391,25
3.1358885017421603,126
3.135902636916836,36
3.135908440629471,33
3.1359223300970873,74
3.1359325605900947,43
3.1359404096834265,39
3.13595166163142,38
3.135959339263024,34
3.1359649122807016,34
3.136,382
3.1360332294911735,38
3.136038186157518,28
3.1360448807854135,26
3.1360544217687076,36
3.136069114470842,72
3.136079900124844,37
3.136094674556213,93
3.1361079865016874,37
3.1361161524500907,34
3.136125654450262,32
3.1361310133060387,31
3.136150234741784,203
3.1361702127659576,29
3.1361760660247593,27
3.1361867704280155,53
3.136196319018405,28
3.1362126245847177,113
3.136226034308779,34
3.136231884057971,39
3.1362467866323906,68
3.136258660508083,35
3.1362683438155137,71
3.136283185840708,38
3.1362940275650844,36
3.136302294197031,31
3.1363088057901085,29
3.1363140676117776,33
3.1363636363636362,562
3.1364124597207304,27
3.136417556346382,29
3.1364238410596026,35
3.136431784107946,40
3.1364421416234887,42
3.1364562118126273,77
3.1364653243847873,46
3.1364764267990073,73
3.136490250696379,34
3.1365079365079365,135
3.1365227537922986,34
3.1365313653136533,44
3.1365409622886866,31
3.1365461847389557,39
3.1365638766519823,182
3.1365853658536587,31
3.136593591905565,39
3.1366006256517207,34
3.1366120218579234,74
3.1366245694603903,40
3.1366336633663368,52
3.1366459627329193,33
3.136653895274585,20
3.1366594360086766,31
3.1366906474820144,324
3.136723163841808,33
3.136729222520107,37
3.1367380560131797,33
3.1367521367521367,85
3.136762860727729,39
3.13677811550152,131
3.1367924528301887,19
3.136801541425819,42
3.136812411847673,39
3.136818687430478,32
3.136842105263158,205
3.1368680641183726,35
3.136876006441224,30
3.136890951276102,81
3.136904761904762,43
3.1369112814895947,37
3.136929460580913,171
3.136950904392765,39
3.1369606003752346,36
3.136969696969697,28
3.136986301369863,130
3.1370010787486518,23
3.137007874015748,33
3.1370143149284253,33
3.1370262390670556,91
3.1370420624151967,29
3.1370558375634516,72
3.137067938021454,31
3.1370786516853935,83
3.1370882040382573,25
3.1370967741935485,79
3.137111517367459,45
3.137123745819398,37
3.13713405238829,43
3.137142857142857,36
3.137150466045273,45
3.13715710723192,35
3.1371629542790154,32
3.1371681415929205,31
3.13717277486911,32
3.1372549019607843,1006
3.1373346897253307,38
3.1373390557939915,29
3.137343927355278,34
3.1373493975903615,32
3.1373555840821568,29
3.1373626373626373,27
3.137370753323486,42
3.137380191693291,36
3.137391304347826,43
3.1374045801526718,52
3.1374122367101305,37
3.1374207188160677,91
3.137430167597765,40
3.137440758293839,76
3.137452711223203,49
3.137466307277628,80
3.137481910274964,37
3.1375,120
3.1375137513751374,37
3.1375212224108657,28
3.1375291375291376,30
3.137546468401487,121
3.1375661375661377,28
3.137577002053388,80
3.1375886524822696,32
3.1375947995666307,29
3.1376146788990824,199
3.137637028014616,28
3.1376451077943615,30
3.1376518218623484,39
3.137662337662338,67
3.1376734258271077,34
3.13768115942029,41
3.1376912378303197,37
3.1376975169300225,28
3.1377245508982035,238
3.1377497371188223,30
3.1377551020408165,22
3.1377633711507293,44
3.137777777777778,71
3.1377899045020463,37
3.137809187279152,111
3.137823834196891,31
3.1378299120234603,40
3.137844611528822,81
3.137855579868709,29
3.137864077669903,49
3.1378763866877972,35
3.137884872824632,33
3.137891077636153,32
3.1378958120531153,38
3.1379310344827585,395
3.1379657603222557,33
3.137970353477765,40
3.137976346911958,27
3.137984496124031,35
3.1379962192816637,40
3.1380042462845013,30
3.138014527845036,68
3.1380281690140843,44
3.138047138047138,115
3.1380645161290324,34
3.1380753138075312,81
3.1380880121396055,37
3.138095238095238,25
3.138121546961326,213
3.138144329896907,27
3.138149556400507,32
3.138157894736842,32
3.1381733021077283,88
3.138187221396731,43
3.1381936887921653,29
3.138211382113821,163
3.1382316313823164,34
3.1382405745062836,43
3.1382488479262673,45
3.1382636655948555,99
3.1382765531062122,42
3.138282387190684,44
3.1382978723404253,80
3.138310893512852,29
3.1383219954648527,85
3.1383315733896517,30
3.1383399209486167,49
3.138353765323993,41
3.138364779874214,30
3.138373751783167,41
3.1383812010443863,32
3.138387484957882,29
3.138392857142857,36
3.138397502601457,35
3.1384615384615384,728
3.1385237613751262,43
3.1385281385281387,26
3.138533178114086,36
3.138539042821159,44
3.1385459533607682,32
3.13855421686747,49
3.1385642737896493,34
3.1385767790262173,37
3.138592750533049,84
3.138602520045819,39
3.1386138613861387,78
3.138627187079408,34
3.1386430678466075,94
3.138655462184874,34
3.1386623164763456,30
3.1386696730552424,32
3.1386861313868613,123
3.1387054161162484,29
3.1387163561076603,74
3.138728323699422,37
3.13873473917869,32
3.138755980861244,192
3.1387755102040815,31
3.138780804150454,25
3.1387900355871885,46
3.1387978142076505,28
3.138810198300283,79
3.1388235294117646,23
3.1388329979879277,77
3.138845553822153,34
3.1388535031847136,25
3.138858988159311,23
3.138888888888889,290
3.1389183457051963,38
3.1389236545682104,36
3.1389312977099237,48
3.1389432485322897,46
3.138952164009112,35
3.138964577656676,83
3.1389759665621733,33
3.1389830508474574,30
3.1389913899138993,36
3.1390134529147984,176
3.1390319258496397,30
3.1390374331550803,30
3.139047619047619,48
3.1390568319226118,30
3.1390728476821192,118
3.1390862944162436,38
3.1390922401171304,44
3.1391076115485563,81
3.1391200951248512,28
3.139130434782609,81
3.139139139139139,37
3.1391465677179964,42
3.1391585760517797,43
3.139167862266858,37
3.1391752577319587,31
3.1391812865497077,40
3.139186295503212,30
3.1392405063291138,649
3.139293139293139,42
3.1392978482446208,36
3.1393034825870645,34
3.139310344827586,31
3.1393188854489162,43
3.1393298059964727,45
3.139344262295082,70
3.1393534002229653,40
3.139364303178484,68
3.1393775372124493,38
3.139393939393939,117
3.1394072447859496,35
3.1394148020654047,42
3.139423076923077,27
3.139442231075697,146
3.1394594594594594,28
3.1394658753709197,40
3.1394799054373523,68
3.1394957983193277,29
3.139504563233377,33
3.1395101171459,32
3.13953488372093,259
3.1395592864637987,40
3.139564660691421,29
3.1395730706075535,32
3.139588100686499,83
3.1396011396011394,34
3.1396070320579113,32
3.139622641509434,143
3.1396396396396398,29
3.139646869983949,29
3.1396534148827726,33
3.1396648044692737,94
3.1396786155747836,31
3.139689578713969,63
3.1396984924623115,35
3.139705882352941,39
3.1397174254317113,34
3.1397260273972605,40
3.1397326852976915,38
3.1397379912663754,25
3.139784946236559,506
3.139830508474576,37
3.139835487661575,21
3.1398416886543536,26
3.1398496240601506,42
3.13986013986014,41
3.139874739039666,73
3.139884393063584,36
3.139896373056995,68
3.1399116347569955,42
3.139917695473251,28
3.1399317406143346,124
3.1399491094147582,30
3.1399594320486814,75
3.13997113997114,43
3.139977603583427,24
3.14,200
3.1400220507166483,34
3.14002828854314,40
3.1400394477317555,45
3.14004914004914,38
3.1400651465798046,111
3.1400832177531206,45
3.140096618357488,78
3.140106951871658,31
3.140115163147793,32
3.140127388535032,36
3.140136054421769,39
3.1401425178147266,30
3.1401475237091674,30
3.1401869158878504,438
3.140225179119754,37
3.1402298850574715,32
3.1402359108781126,22
3.1402439024390243,45
3.140255009107468,47
3.1402623612512612,32
3.1402714932126696,84
3.1402831402831404,33
3.1402985074626866,94
3.140311804008909,34
3.1403197158081704,49
3.140328697850822,27
3.1403508771929824,184
3.1403726708074533,36
3.1403812824956674,41
3.140388768898488,24
3.140401146131805,91
3.1404151404151404,36
3.1404255319148935,73
3.1404399323181047,33
3.140449438202247,42
3.140456182472989,28
3.140461215932914,42
3.1404958677685952,389
3.140529531568228,35
3.140534262485482,33
3.1405405405405404,34
3.1405492730210014,35
3.140562248995984,76
3.1405714285714286,37
3.140583554376658,77
3.140600315955766,34
3.140607424071991,31
3.140625,150
3.140642303433001,27
3.1406491499227203,38
3.1406649616368285,76
3.1406761177753544,23
3.140684410646388,49
3.140695915279879,39
3.14070351758794,33
3.140708915145005,28
3.140740740740741,325
3.1407716371220022,37
3.1407766990291264,38
3.1407837445573294,47
3.1407942238267146,44
3.1408016443987665,27
3.1408114558472553,77
3.140825035561878,35
3.1408308004052685,32
3.140845070422535,123
3.1408647140864714,41
3.140877598152425,81
3.140893470790378,42
3.140902872777018,36
3.140909090909091,34
3.140939597315436,262
3.140969162995595,34
3.1409749670619234,28
3.140983606557377,29
3.140997830802603,86
3.1410090556274257,24
3.141025641025641,101
3.1410419313850064,28
3.1410526315789475,88
3.1410658307210033,29
3.1410736579275906,37
3.141078838174274,41
3.1411042944785277,278
3.1411290322580645,33
3.141133896260555,39
3.141141141141141,43
3.1411530815109345,39
3.1411625148279954,35
3.1411764705882352,96
3.1411901983663943,30
3.141199226305609,39
3.1412103746397695,41
3.1412169919632604,33
3.1412429378531073,224
3.1412680756395996,40
3.141274238227147,42
3.141284403669725,41
3.141292442497262,27
3.141304347826087,91
3.141316073354908,23
3.1413237924865833,41
3.1413333333333333,34
3.141339001062699,37
3.141361256544503,214
3.1413828689370487,36
3.141388174807198,30
3.1413969335604772,37
3.141403865717192,37
3.1414141414141414,74
3.141424272818455,35
3.141430948419301,35
3.141439205955335,41
3.1414634146341465,159
3.1414868105515588,31
3.1414944356120826,29
3.141509433962264,76
3.141524105754277,35
3.1415313225058004,40
3.141552511415525,171
3.141573033707865,24
3.1415797317436662,40
3.1415929203539825,68
3.141605839416058,48
3.1416122004357296,25
3.1416309012875536,204
3.141649048625793,31
3.1416549789621318,37
3.1416666666666666,83
3.1416781292984868,40
3.141683778234086,25
3.1417004048582995,179
3.141721854304636,39
3.141732283464567,42
3.141742522756827,35
3.1417624521072796,135
3.1417816813048933,36
3.1417910447761193,35
3.1418002466091246,35
3.1418181818181816,147
3.141835518474374,32
3.141843971631206,46
3.141852286049238,34
3.141868512110727,125
3.1418842224744608,36
3.141891891891892,33
3.141899441340782,26
3.1419141914191417,121
3.1419284940411703,29
3.141935483870968,40
3.141942369263607,28
3.141955835962145,129
3.1419689119170986,38
3.1419753086419755,42
3.1419816138917263,35
3.1419939577039275,114
3.1420118343195265,39
3.1420289855072463,100
3.1420454545454546,36
3.1420612813370474,96
3.1420765027322406,34
3.1420911528150133,72
3.142105263157895,32
3.1421188630490957,65
3.1421319796954315,30
3.14214463840399,87
3.142156862745098,28
3.1421686746987953,86
3.1421800947867298,37
3.1421911421911424,88
3.1422018348623855,23
3.1422121896162527,84
3.1422222222222222,36
3.1422319474835887,76
3.1422413793103448,25
3.142250530785563,90
3.1422594142259412,31
3.1422680412371133,79
3.1422764227642275,32
3.1422845691382766,82
3.142300194931774,46
3.1423149905123338,41
3.142329020332717,38
3.142342342342342,54
3.142355008787346,47
3.142367066895369,42
3.1423785594639866,37
3.1423895253682486,28
3.1424,30
3.1424100156494523,28
3.1424196018376724,36
3.1424287856071964,34
3.142437591776799,47
3.1424460431654677,33
3.142454160789845,41
3.1424619640387275,50
3.1424694708276797,38
3.1424766977363516,35
3.142483660130719,34
3.142490372272144,23
3.14249684741488,23
3.1425030978934325,42
3.1425091352009744,40
3.1425149700598802,30
3.142520612485277,36
3.1425260718424104,39
3.142531356898518,30
3.142536475869809,31
3.1425414364640885,36
3.1425462459194775,30
3.142550911039657,35
3.1425554382259766,33
3.142559833506764,34
3.1425641025641027,32
3.142568250758342,30
3.142857142857143,4008
3.1431431431431434,34
3.1431472081218272,33
3.1431513903192583,32
3.143155694879833,31
3.1431601272534464,26
3.1431646932185147,33
3.1431693989071037,30
3.1431742508324083,33
3.1431792559188274,37
3.143184421534937,31
3.1431897555296855,36
3.143195266272189,36
3.1432009626955475,41
3.1432068543451654,38
3.1432129514321296,37
3.1432192648922688,33
3.1432258064516128,25
3.14323258869908,33
3.143239625167336,21
3.1432469304229196,32
3.1432545201668987,40
3.143262411347518,45
3.143270622286541,45
3.1432791728212703,34
3.143288084464555,32
3.143297380585516,39
3.1433070866141732,29
3.143317230273752,33
3.14332784184514,33
3.1433389544688026,33
3.143350604490501,41
3.1433628318584073,43
3.143375680580762,53
3.143389199255121,36
3.1434034416826004,39
3.143418467583497,42
3.1434343434343432,83
3.1434426229508197,30
3.1434511434511436,83
3.1434599156118144,35
3.143468950749465,87
3.143478260869565,34
3.143487858719647,75
3.1434977578475336,33
3.143507972665148,82
3.1435185185185186,42
3.143529411764706,80
3.1435406698564594,26
3.1435523114355233,83
3.1435643564356437,37
3.1435768261964734,84
3.1435897435897435,24
3.143603133159269,90
3.143617021276596,31
3.143631436314363,82
3.143646408839779,49
3.1436619718309857,86
3.1436781609195403,38
3.1436950146627565,100
3.143712574850299,34
3.143718592964824,23
3.143730886850153,124
3.143743536711479,38
3.14375,32
3.143756558237146,32
3.143769968051118,98
3.1437837837837836,33
3.1437908496732025,29
3.1437980241492864,32
3.1438127090301005,114
3.1438278595696487,32
3.143835616438356,43
3.143843498273878,42
3.143859649122807,134
3.1438763376932224,30
3.143884892086331,52
3.1438935912938333,37
3.143911439114391,124
3.143929912390488,35
3.143939393939394,43
3.1439490445859875,37
3.1439688715953307,132
3.1439894319682957,34
3.144,68
3.1440107671601614,28
3.1440162271805274,36
3.1440329218106995,186
3.144050104384134,30
3.144055944055944,36
3.1440677966101696,73
3.1440798858773182,39
3.1440860215053763,26
3.1441048034934496,181
3.1441241685144123,34
3.1441307578008915,33
3.144144144144144,85
3.1441578148710168,42
3.1441647597254003,31
3.144186046511628,200
3.144208037825059,38
3.144215530903328,25
3.144230769230769,87
3.1442463533225284,34
3.1442542787286065,41
3.144278606965174,179
3.144298688193744,46
3.1443037974683543,29
3.1443123938879456,32
3.1443193449334697,37
3.1443298969072164,64
3.1443406022845277,25
3.1443478260869564,36
3.1443569553805775,35
3.14436248682824,28
3.144385026737968,225
3.1444082519001086,35
3.1444141689373297,34
3.1444241316270567,39
3.1444321940463067,36
3.1444444444444444,86
3.144456886898096,37
3.144465290806754,45
3.144475920679887,40
3.1444823663253696,34
3.1445086705202314,259
3.144535840188014,37
3.144542772861357,36
3.1445544554455447,40
3.144563918757467,30
3.144578313253012,105
3.1445929526123937,38
3.144602851323829,71
3.144615384615385,45
3.1446229913473425,31
3.144628099173554,37
3.1446540880503147,291
3.1446808510638298,26
3.144686299615877,26
3.144694533762058,31
3.1447084233261338,87
3.1447196870925684,37
3.1447368421052633,128
3.144754316069057,34
3.1447661469933186,76
3.144781144781145,32
3.144790257104195,29
3.1447963800904977,39
3.1448275862068966,310
3.1448598130841123,34
3.1448663853727146,40
3.1448763250883394,41
3.144883485309017,35
3.1448931116389547,79
3.144906743185079,40
3.144912641315519,35
3.1449275362318843,147
3.144942648592284,30
3.1449487554904834,40
3.1449631449631448,94
3.1449735449735448,20
3.1449814126394053,40
3.1449925261584455,34
3.145,32
3.1450053705692804,27
3.145038167938931,317
3.1450719822812845,32
3.145077720207254,29
3.145085803432137,35
3.145098039215686,45
3.1451068616422946,41
3.1451187335092348,74
3.145135566188198,28
3.145142857142857,29
3.1451612903225805,188
3.1451800232288036,36
3.1451876019575855,33
3.14519427402863,37
3.1452054794520548,99
3.145218417945691,45
3.145228215767635,78
3.1452420701168613,35
3.1452513966480447,42
3.1452581032412965,39
3.1452631578947368,24
3.1452991452991452,405
3.1453362255965294,33
3.1453416149068323,33
3.145348837209302,40
3.1453590192644483,43
3.145374449339207,80
3.145385587863464,34
3.14540059347181,80
3.145413870246085,36
3.1454219030520645,47
3.145431145431145,25
3.1454363089267803,32
3.1454545454545455,189
3.145473041709054,37
3.145478374836173,43
3.14548802946593,39
3.1454965357967666,39
3.1455108359133126,118
3.145527369826435,29
3.1455399061032865,76
3.1455497382198954,28
3.145557655954631,42
3.1455696202531644,24
3.145578231292517,35
3.1455847255369926,30
3.1455897980871415,21
3.145631067961165,442
3.1456736035049286,34
3.145679012345679,34
3.1456859971711455,40
3.1456953642384105,41
3.1457085828343314,38
3.1457174638487206,29
3.1457286432160805,89
3.145743145743146,43
3.145748987854251,38
3.145762711864407,132
3.1457800511508953,29
3.1457905544147846,79
3.14580265095729,33
3.145809414466131,45
3.1458333333333335,218
3.14585764294049,38
3.1458646616541355,38
3.145877378435518,71
3.145888594164456,27
3.1459074733096086,111
3.1459227467811157,28
3.1459293394777266,45
3.145945945945946,72
3.145958986731001,38
3.1459694989106755,84
3.145985401459854,44
3.1459968602825747,32
3.1460055096418733,48
3.1460122699386504,44
3.146017699115044,34
3.1460221550855993,37
3.146067415730337,546
3.1461139896373056,27
3.146118721461187,33
3.1461245235069883,38
3.146131805157593,33
3.1461412151067325,43
3.146153846153846,41
3.146161934805468,27
3.1461716937354987,85
3.146183699870634,33
3.146198830409357,90
3.146211312700107,28
3.146218487394958,40
3.1462264150943398,38
3.1462450592885376,135
3.14626218851571,32
3.1462686567164178,35
3.146282973621103,73
3.1462925851703405,34
3.1462994836488813,34
3.1463087248322146,29
3.1463146314631465,33
3.1463414634146343,289
3.1463687150837987,31
3.146374829001368,45
3.146384479717813,38
3.1463917525773195,31
3.1464019851116625,72
3.146417445482866,36
3.1464245175936436,28
3.1464435146443517,179
3.1464646464646466,35
3.146473779385172,48
3.146482122260669,41
3.1464968152866244,97
3.14651493598862,41
3.146529562982005,75
3.1465416178194605,33
3.146551724137931,90
3.146567717996289,35
3.1465798045602607,35
3.146589259796807,37
3.1465968586387434,38
3.1466030989272946,33
3.1466083150984683,39
3.146612740141557,37
3.1466666666666665,691
3.1467221644120706,30
3.146726862302483,38
3.1467324290998766,34
3.1467391304347827,37
3.146747352496218,45
3.1467576791808876,36
3.146771037181996,49
3.146779303062302,23
3.146788990825688,91
3.1468005018820575,35
3.146814404432133,89
3.1468315301391034,38
3.1468381564844585,26
3.1468531468531467,139
3.1468710089399745,34
3.1468812877263583,84
3.146892655367232,46
3.14689880304679,38
3.146919431279621,169
3.146938775510204,30
3.1469440832249673,32
3.1469534050179213,51
3.146961325966851,26
3.1469740634005765,108
3.146987951807229,38
3.1469979296066253,79
3.147011308562197,34
3.147019867549669,30
3.1470258136924802,37
3.1470588235294117,343
3.14709236031927,37
3.147098515519568,30
3.147107438016529,41
3.1471215351812365,72
3.14713216957606,32
3.1471471471471473,112
3.1471610660486675,35
3.147169811320755,41
3.1471801925722147,45
3.1471861471861473,28
3.1472081218274113,207
3.147232037691402,37
3.147239263803681,43
3.147252747252747,80
3.14726507713885,39
3.1472708547888772,32
3.147286821705426,132
3.147305389221557,33
3.147313691507799,49
3.1473214285714284,29
3.147335423197492,119
3.1473533619456364,38
3.1473684210526316,83
3.1473812423873326,33
3.147392290249433,78
3.147401908801697,28
3.147410358565737,36
3.1474245115452932,41
3.1474358974358974,27
3.1474452554744525,34
3.1474530831099194,32
3.147459727385378,28
3.1474654377880182,39
3.147470398277718,32
3.1474747474747473,37
3.1475409836065573,880
3.1476091476091477,23
3.1476137624861265,31
3.1476190476190475,38
3.147625160462131,34
3.147632311977716,40
3.147640791476408,33
3.1476510067114094,41
3.147663551401869,49
3.147679324894515,72
3.1476888387824125,46
3.1476997578692494,81
3.1477124183006535,26
3.147727272727273,104
3.147738693467337,42
3.1477449455676516,39
3.147751605995717,28
3.147766323024055,135
3.147783251231527,40
3.147792706333973,51
3.14780292942743,28
3.147808358817533,32
3.1478260869565218,181
3.147846332945285,37
3.14785373608903,27
3.1478696741854635,81
3.1478800413650467,33
3.147887323943662,41
3.1478968792401627,44
3.1479028697571745,24
3.1479289940828403,238
3.147953830010493,29
3.1479591836734695,29
3.1479674796747967,43
3.1479820627802693,76
3.147994467496542,37
3.148,34
3.148014440433213,149
3.1480298189563367,27
3.1480362537764353,43
3.148051948051948,76
3.1480637813211847,32
3.1480730223123734,77
3.1480865224625623,42
3.148095909732017,41
3.1481028151774786,42
3.148108108108108,31
3.1481481481481484,427
3.1481888035126233,36
3.148194271481943,32
3.148201438848921,46
3.148211243611584,41
3.1482254697286014,82
3.1482352941176472,36
3.1482479784366575,81
3.1482649842271293,28
3.148272017837235,27
3.1482889733840302,147
3.1483050847457625,29
3.1483113069016153,31
3.148325358851675,79
3.148335015136226,27
3.148342059336824,46
3.1483516483516483,50
3.148357870894677,37
3.1483870967741936,288
3.148413510747185,35
3.148418491484185,38
3.1484257871064467,46
3.1484375,41
3.148446490218642,35
3.1484593837535013,85
3.148471615720524,37
3.148479427549195,54
3.1484888304862024,39
3.1484942886812046,28
3.1485148514851486,166
3.1485380116959063,34
3.1485451761102605,51
3.1485587583148558,91
3.1485714285714286,37
3.148577449947313,25
3.1485943775100402,182
3.1486146095717884,33
3.148623853211009,36
3.1486325802615935,42
3.1486486486486487,135
3.148663101604278,35
3.1486697965571206,38
3.1486761710794298,33
3.1486880466472305,84
3.148703956343793,49
3.1487179487179486,80
3.1487303506650544,38
3.148741418764302,78
3.1487513572204127,37
3.1487603305785123,79
3.1487758945386064,42
3.14878892733564,48
3.1488,31
3.1488095238095237,43
3.148817802503477,46
3.1488250652741514,25
3.148831488314883,42
3.1488372093023256,33
3.1488423373759646,23
3.148846960167715,33
3.148936170212766,1089
3.149023638232271,35
3.14902807775378,39
3.149032992036405,30
3.1490384615384617,39
3.1490445859872613,27
3.149051490514905,42
3.149059334298119,32
3.1490683229813663,38
3.1490787269681744,39
3.149090909090909,45
3.1491053677932404,36
3.1491136600625653,28
3.1491228070175437,81
3.1491329479768786,35
3.1491442542787285,81
3.1491569390402074,30
3.149171270718232,88
3.1491875923190547,38
3.149193548387097,27
3.149206349206349,103
3.1492204899777283,28
3.1492281303602057,36
3.1492361927144534,39
3.1492537313432836,149
3.1492734478203435,28
3.149284253578732,81
3.149295774647887,40
3.1493018259935552,35
3.1493212669683257,187
3.149342891278375,42
3.1493506493506493,46
3.149367088607595,88
3.1493775933609958,29
3.149384885764499,50
3.149394347240915,36
3.149400218102508,38
3.1494252873563218,236
3.1494483450351054,26
3.149453219927096,33
3.1494607087827426,40
3.1494736842105264,79
3.149484536082474,35
3.1495016611295683,141
3.149519890260631,50
3.149532710280374,68
3.1495422177009154,21
3.1495495495495494,39
3.1495601173020527,27
3.149567367119901,34
3.1495726495726495,36
3.1496062992125986,317
3.149638802889577,32
3.1496437054631827,43
3.14965034965035,37
3.1496598639455784,49
3.1496746203904555,79
3.149685534591195,31
3.1497005988023954,86
3.149714285714286,36
3.1497227356746764,45
3.1497326203208558,42
3.149738219895288,34
3.1497584541062804,168
3.149779735682819,31
3.149786019971469,35
3.1497975708502026,70
3.149807938540333,36
3.1498257839721253,141
3.1498405951115833,34
3.149847094801223,42
3.1498637602179835,94
3.14987714987715,34
3.149888143176734,78
3.1498973305954827,32
3.1499051233396584,41
3.1499176276771004,47
3.1499272197962154,32
3.14993481095176,23
3.1499409681227863,35
3.149946062567422,35
3.15,650
