pi-val,count
3.12,984
3.1200807265388497,40
3.120085015940489,28
3.1200897867564534,29
3.1200951248513675,37
3.120101137800253,38
3.1201079622132255,40
3.1201157742402317,28
3.1201248049921997,44
3.1201353637901863,44
3.120147874306839,37
3.120162932790224,65
3.1201716738197427,20
3.120181405895692,51
3.1201923076923075,36
3.1202046035805626,82
3.120218579234973,25
3.1202346041055717,78
3.120246659815005,21
3.1202531645569622,34
3.1202600216684724,25
3.120274914089347,128
3.120291616038882,41
3.1203007518796992,41
3.1203104786545923,39
3.120331950207469,140
3.1203501094091903,24
3.1203566121842496,42
3.1203703703703702,79
3.120385232744783,33
3.1203931203931203,38
3.1204188481675392,221
3.1204419889502764,34
3.1204481792717087,31
3.120458891013384,39
3.1204678362573097,37
3.1204819277108435,113
3.120496894409938,25
3.120507399577167,70
3.1205211726384365,33
3.1205298013245035,24
3.1205357142857144,38
3.120567375886525,329
3.12059765208111,23
3.120603015075377,35
3.120610687022901,35
3.1206225680933852,41
3.1206313416009017,29
3.1206434316353886,85
3.1206543967280163,30
3.1206611570247933,27
3.120669056152927,36
3.1206896551724137,144
3.1207115628970774,31
3.120720720720721,38
3.120728929384966,26
3.1207430340557276,112
3.1207598371777476,39
3.1207729468599035,89
3.120783460282916,21
3.120792079207921,31
3.120805369127517,40
3.120815138282387,32
3.120822622107969,37
3.1208285385500574,29
3.120833333333333,27
3.120879120879121,520
3.120925341745531,23
3.1209302325581394,34
3.120936280884265,39
3.1209439528023597,33
3.1209540034071552,45
3.120967741935484,85
3.120976692563818,32
3.1209876543209876,77
3.121001390820584,35
3.121019108280255,104
3.1210340775558167,32
3.1210428305400373,40
3.1210526315789475,36
3.121057985757884,34
3.1210762331838566,155
3.1210986267166043,37
3.121107266435986,50
3.1211146838156485,20
3.12112676056338,86
3.121140142517815,32
3.1211498973305956,63
3.121163166397415,38
3.1211717709720372,31
3.121177802944507,26
3.121212121212121,314
3.1212435233160623,16
3.12124849939976,31
3.1212553495007134,32
3.1212653778558876,51
3.1212814645308926,76
3.1212938005390836,38
3.121311475409836,114
3.1213282247765006,36
3.1213389121338913,62
3.121351766513057,30
3.121359223300971,32
3.1213640922768304,29
3.121387283236994,228
3.121412803532009,28
3.121418826739427,31
3.1214285714285714,39
3.1214361140443505,26
3.1214470284237725,76
3.1214574898785425,37
3.1214642262895174,39
3.121472392638037,35
3.121495327102804,191
3.121516164994426,33
3.121522693997072,26
3.121535181236674,55
3.1215469613259668,32
3.121552604698672,33
3.1215686274509804,124
3.1215880893300247,27
3.1215970961887476,41
3.1216056670602126,27
3.1216216216216215,138
3.1216361679224973,23
3.1216429699842023,39
3.1216494845360825,19
3.121661721068249,96
3.1216783216783215,31
3.121693121693122,75
3.1217063989962357,31
3.1217183770883055,83
3.1217292377701935,22
3.121739130434783,65
3.121748178980229,27
3.121756487025948,41
3.121771217712177,38
3.1217838765008574,39
3.121794871794872,33
3.1218045112781954,31
3.121813031161473,34
3.1218206157965196,41
3.1218274111675126,31
3.1218335343787698,36
3.12183908045977,24
3.1218441273326016,25
3.1218487394957983,23
3.121852970795569,42
3.1219512195121952,1202
3.1220512820512822,23
3.1220556745182013,17
3.122060470324748,27
3.1220657276995305,31
3.1220715166461157,31
3.122077922077922,43
3.122085048010974,28
3.122093023255814,36
3.1221020092735703,33
3.122112211221122,25
3.1221238938053095,50
3.122137404580153,44
3.122153209109731,62
3.1221621621621622,24
3.1221719457013575,60
3.1221826809015423,29
3.1221945137157108,86
3.1222076215505914,33
3.1222222222222222,87
3.122238586156112,35
3.1222444889779557,28
3.122257053291536,107
3.1222707423580784,29
3.1222780569514237,39
3.1222857142857143,29
3.1223021582733814,120
3.1223203026481716,35
3.122330097087379,39
3.122340425531915,27
3.122345803842265,31
3.1223628691983123,160
3.1223814773980156,24
3.1223880597014926,40
3.1224018475750577,76
3.12241653418124,36
3.1224242424242425,29
3.122448979591837,217
3.1224707135250265,20
3.1224764468371466,33
3.1224862888482634,44
3.1224944320712695,30
3.1225071225071224,81
3.122520420070012,35
3.122529644268775,24
3.122541603630862,33
3.122549019607843,32
3.122554067971164,20
3.1225806451612903,297
3.1226096737907763,19
3.122615803814714,36
3.1226252158894647,45
3.1226415094339623,71
3.1226551226551225,31
3.1226611226611225,27
3.1226765799256504,115
3.1226927252985885,23
3.1226993865030677,29
3.122715404699739,78
3.1227272727272726,25
3.1227364185110664,80
3.1227495908346974,32
3.1227586206896554,37
3.1227651966626935,31
3.122770199370409,22
3.1228070175438596,382
3.122842639593909,41
3.1228473019517797,25
3.1228533685601056,30
3.1228615863141522,46
3.122873345935728,28
3.1228813559322033,28
3.1228915662650603,85
3.122905027932961,32
3.122923588039867,134
3.122940430925222,24
3.122950819672131,83
3.122962962962963,40
3.1229698375870067,37
3.122994652406417,212
3.123020706455542,29
3.1230283911671926,40
3.1230425055928412,67
3.123055162659123,40
3.1230610134436403,16
3.123076923076923,131
3.123094958968347,32
3.123102866779089,49
3.123110151187905,22
3.123123123123123,114
3.1231393775372123,35
3.123152709359606,81
3.1231638418079095,15
3.1231732776617953,60
3.1231884057971016,43
3.1232,36
3.1232091690544412,29
3.1232166018158236,41
3.123222748815166,25
3.123227917121047,27
3.1232323232323234,28
3.1232876712328768,656
3.123343527013252,29
3.1233480176211454,26
3.1233532934131736,34
3.1233595800524934,30
3.123367198838897,37
3.1233766233766236,37
3.123388581952118,35
3.123404255319149,59
3.1234140715109575,26
3.123425692695214,83
3.1234396671289875,31
3.123456790123457,104
3.1234705228031148,33
3.123478260869565,49
3.123486682808717,25
3.1235059760956174,132
3.1235230934479055,27
3.123529411764706,33
3.1235431235431235,72
3.1235584843492585,32
3.123566878980892,30
3.1235721703011423,25
3.1235955056179776,225
3.1236180904522612,41
3.123623011015912,38
3.1236306729264474,27
3.123644251626898,57
3.1236559139784945,31
3.1236749116607774,125
3.1236897274633124,20
3.1236959761549925,43
3.1237113402061856,83
3.1237230419977298,29
3.123732251521298,70
3.1237458193979935,39
3.12375533428165,33
3.123762376237624,23
3.1237677984665937,28
3.123809523809524,452
3.1238485158648923,27
3.123853211009174,26
3.123859191655802,33
3.123867069486405,37
3.1238779174147218,43
3.1238938053097347,60
3.1239048811013768,32
3.123919308357349,89
3.123931623931624,21
3.1239388794567065,46
3.1239470517448855,31
3.12396694214876,157
3.1239860950173814,32
3.1239935587761676,45
3.124,27
3.12401055408971,77
3.124022346368715,27
3.124031007751938,35
3.124042879019908,30
3.1240506329113926,31
3.1240560949298812,23
3.124087591240876,324
3.124117053481332,25
3.1241217798594847,35
3.1241283124128314,38
3.1241379310344826,42
3.124153498871332,55
3.1241655540720963,33
3.1241830065359477,120
3.1241997439180538,33
3.1242105263157893,69
3.124223602484472,40
3.124231242312423,32
3.124236252545825,31
3.1242603550295858,211
3.1242873432155074,29
3.1242937853107344,39
3.12430426716141,37
3.1243124312431245,29
3.1243243243243244,80
3.124335812964931,21
3.1243432574430825,40
3.1243523316062176,44
3.1243576567317572,30
3.1243781094527363,187
3.124401913875598,31
3.1244094488188976,38
3.1244239631336406,67
3.1244377811094455,33
3.1244444444444444,29
3.124463519313305,149
3.12448132780083,23
3.124487004103967,34
3.1244979919678717,86
3.124508519003932,34
3.1245283018867926,114
3.124546553808948,25
3.1245551601423487,35
3.1245634458672877,34
3.1245791245791246,137
3.124593716143012,20
3.1246006389776357,41
3.1246073298429318,16
3.1246200607902734,109
3.1246376811594203,39
3.1246537396121883,89
3.1246684350132625,30
3.1246819338422394,83
3.1246943765281174,37
3.124705882352941,75
3.124716553287982,33
3.12472647702407,61
3.124735729386892,25
3.1247443762781186,67
3.124760076775432,31
3.124773960216998,43
3.124786324786325,37
3.124797406807131,39
3.1248073959938365,23
3.1248164464023493,34
3.1248246844319776,40
3.124832214765101,31
3.124839124839125,43
3.1248454882571077,34
3.1248513674197382,31
3.124856815578465,30
3.124861878453039,27
3.1248665955176094,22
3.1248710010319916,20
3.125,1572
3.1251271617497456,24
3.125131440588854,27
3.1251360174102287,24
3.125140924464487,19
3.1251461988304094,31
3.1251518833535843,23
3.125158027812895,35
3.1251646903820816,30
3.125171939477304,39
3.125179856115108,32
3.125188536953243,27
3.1251980982567353,47
3.1252086811352253,42
3.125220458553792,45
3.1252336448598133,42
3.125248508946322,33
3.1252566735112937,25
3.1252653927813165,60
3.1252747252747253,27
3.1252847380410023,79
3.1252955082742315,25
3.1253071253071254,81
3.125319693094629,40
3.1253333333333333,78
3.1253481894150417,43
3.1253644314868803,91
3.1253761283851555,32
3.125382262996942,26
3.1253886010362693,28
3.12540192926045,126
3.125416204217536,28
3.1254237288135593,35
3.1254315304948217,24
3.1254480286738353,118
3.125465838509317,38
3.1254752851711025,40
3.1254851228978007,37
3.125506072874494,149
3.1255230125523012,18
3.1255289139633287,37
3.1255411255411256,52
3.1255539143279174,37
3.125560538116592,32
3.125581395348837,169
3.1256038647342996,24
3.1256117455138663,44
3.1256281407035176,78
3.125638406537283,25
3.125645438898451,47
3.1256544502617802,39
3.125659978880676,26
3.1256830601092895,227
3.1257078142695356,23
3.125714285714286,31
3.125725338491296,34
3.125734430082256,31
3.125748502994012,89
3.1257631257631258,38
3.1257731958762887,69
3.1257861635220126,44
3.1257941550190598,31
3.1257995735607675,24
3.1258278145695364,275
3.125858123569794,27
3.1258644536652835,31
3.125874125874126,41
3.1258811681772407,23
3.125890736342043,80
3.125904486251809,38
3.1259105098855358,26
3.1259259259259258,119
3.125941872981701,25
3.125948406676783,24
3.125964010282776,80
3.1259754738015606,22
3.125984251968504,36
3.1259968102073366,38
3.1260053619302948,28
3.126011560693642,23
3.1260162601626016,21
3.1260504201680672,383
3.126086956521739,23
3.126092384519351,33
3.126099706744868,38
3.1261101243339255,30
3.126126126126126,73
3.126137841352406,34
3.126153846153846,101
3.1261682242990654,27
3.1261770244821094,37
3.1261872455902306,33
3.1261930010604453,22
3.1262135922330097,162
3.1262349066959385,27
3.126241134751773,37
3.12625250501002,74
3.1262626262626263,36
3.1262798634812285,135
3.1262939958592133,26
3.12630014858841,33
3.126315789473684,77
3.126328217237308,34
3.126338329764454,76
3.1263537906137184,38
3.126365054602184,25
3.1263736263736264,37
3.1263803680981597,31
3.1263858093126387,31
3.12639029322548,32
3.1264367816091956,529
3.1264864864864865,16
3.126491646778043,30
3.1264980026631157,31
3.1265060240963853,29
3.1265164644714036,37
3.126530612244898,75
3.1265397536394177,32
3.1265508684863526,93
3.1265646731571626,41
3.1265822784810124,129
3.126596980255517,32
3.126605504587156,41
3.1266149870801034,39
3.126637554585153,142
3.126658624849216,24
3.1266666666666665,41
3.126673532440783,28
3.1266846361185983,78
3.1266968325791855,22
3.1267056530214425,33
3.1267175572519084,26
3.1267252195734003,28
3.126730564430245,24
3.1267605633802815,337
3.1267916207276736,32
3.126797385620915,33
3.1268057784911716,40
3.126819126819127,63
3.126829268292683,29
3.1268436578171093,93
3.126857142857143,28
3.126865671641791,45
3.1268758526603,40
3.1268817204301076,23
3.1269035532994924,211
3.1269276393831555,27
3.126934984520124,31
3.1269487750556793,61
3.1269614835948647,33
3.1269674711437565,28
3.126984126984127,119
3.127003699136868,33
3.1270125223613596,37
3.1270207852193996,20
3.1270358306188926,128
3.127049180327869,29
3.1270553064275037,31
3.1270718232044197,82
3.1270860077021823,38
3.1270983213429258,86
3.12710911136108,32
3.1271186440677967,52
3.1271271271271273,40
3.127134724857685,36
3.127147766323024,40
3.1271585557299844,30
3.1271676300578033,36
3.1271753681392234,27
3.1271820448877805,29
3.127187864644107,28
3.1271929824561404,29
3.127197518097208,26
3.1272727272727274,857
3.127348643006263,26
3.1273532668881505,26
3.1273584905660377,33
3.1273644388398485,37
3.127371273712737,29
3.1273792093704245,39
3.127388535031847,44
3.1273996509598603,42
3.1274131274131274,43
3.127420998980632,28
3.127429805615551,59
3.12743972445465,31
3.127450980392157,82
3.1274638633377134,30
3.1274787535410766,86
3.1274961597542243,29
3.1275026343519494,26
3.12751677852349,134
3.1275327771156136,27
3.1275415896487986,32
3.127551020408163,42
3.1275720164609053,170
3.127589967284624,28
3.1275964391691393,31
3.1276102088167055,68
3.127625201938611,42
3.127633209417596,41
3.127638190954774,26
3.127659574468085,203
3.127683615819209,29
3.1276901004304163,33
3.1277013752455796,35
3.127710843373494,27
3.127725856697819,100
3.127741935483871,37
3.1277533039647576,76
3.1277683134582626,36
3.1277777777777778,41
3.12778429073857,29
3.127789046653144,24
3.1278195488721803,312
3.127853881278539,25
3.1278600269179004,28
3.1278688524590166,37
3.1278825995807127,71
3.1278928136419,33
3.127906976744186,88
3.1279199110122358,21
3.127927927927928,33
3.1279373368146213,38
3.127942681678608,31
3.1279620853080567,183
3.1279826464208242,23
3.1279887482419126,40
3.128,77
3.1280101394169835,36
3.1280276816608996,113
3.128042328042328,20
3.1280487804878048,29
3.128065395095368,83
3.12807881773399,27
3.1280898876404493,72
3.128099173553719,27
3.12810707456979,36
3.1281198003327786,42
3.1281296023564065,36
3.1281373844121534,32
3.1281437125748504,29
3.128148959474261,28
3.1281533804238144,34
3.128205128205128,605
3.1282586027111576,25
3.1282633371169126,29
3.12826899128269,31
3.1282758620689655,28
3.1282843894899535,33
3.1282952548330405,39
3.1283095723014256,79
3.1283185840707963,27
3.128329297820823,80
3.128342245989305,32
3.1283582089552238,81
3.128371089536138,23
3.1283783783783785,38
3.1283863368669023,30
3.1284046692607004,127
3.128421052631579,26
3.1284271284271283,39
3.128440366972477,74
3.1284552845528455,40
3.1284634760705288,41
3.12846865364851,24
3.1284916201117317,263
3.1285140562248994,30
3.128518971848225,28
3.128526645768025,28
3.128540305010893,69
3.1285520974289582,28
3.1285714285714286,115
3.128586609989373,31
3.128593040847201,26
3.1286089238845145,83
3.1286210892236386,26
3.128630705394191,67
3.1286449399656946,40
3.128654970760234,41
3.128662420382166,38
3.128668171557562,30
3.1286727456940224,28
3.128712871287129,445
3.128755364806867,24
3.1287605294825513,29
3.128767123287671,34
3.1287758346581875,35
3.128787878787879,37
3.1287958115183248,31
3.128805620608899,73
3.1288180610889773,34
3.128834355828221,111
3.1288483466362598,25
3.128856624319419,42
3.1288659793814433,31
3.128888888888889,142
3.1289111389236544,30
3.1289198606271778,42
3.1289274106175515,22
3.128939828080229,93
3.1289537712895377,31
3.1289640591966172,55
3.1289782244556115,41
3.128987517337032,44
3.1289940828402365,30
3.128998968008256,30
3.129032258064516,357
3.1290684624017957,33
3.1290743155149934,35
3.1290824261275274,29
3.1290944123314066,36
3.1291028446389495,22
3.1291139240506327,88
3.129129129129129,33
3.1291355389541087,29
3.129151291512915,117
3.129166666666667,23
3.1291727140783743,39
3.1291866028708135,84
3.1291963377416074,38
3.129203539823009,30
3.1292134831460676,39
3.1292200232828873,22
3.129251700680272,299
3.129281767955801,26
3.129287598944591,36
3.1292962356792144,38
3.1293103448275863,65
3.1293213828425097,41
3.1293375394321767,120
3.129353233830846,36
3.1293634496919918,76
3.1293759512937593,29
3.129383313180169,29
3.1293881644934802,35
3.1294117647058823,242
3.129438717067583,33
3.1294452347083928,25
3.1294559099437147,30
3.1294642857142856,22
3.1294765840220387,85
3.129488574537541,32
3.129496402877698,33
3.129506008010681,30
3.129511677282378,30
3.1295336787564767,202
3.1295546558704452,22
3.129559748427673,38
3.129568106312292,38
3.12958435207824,77
3.1296,40
3.1296076099881094,24
3.1296296296296298,160
3.1296505073280723,38
3.1296572280178836,27
3.1296703296703297,72
3.1296829971181555,44
3.129689174705252,27
3.1297071129707112,169
3.129724208375894,34
3.1297297297297297,27
3.129740518962076,32
3.1297509829619923,35
3.1297709923664123,130
3.129789864029666,33
3.129798903107861,38
3.1298076923076925,31
3.1298245614035087,121
3.129840546697039,26
3.1298482293423273,35
3.1298557158712543,22
3.1298701298701297,125
3.129883843717001,23
3.1298904538341157,31
3.129896907216495,31
3.1299093655589125,108
3.12992700729927,42
3.1299435028248586,88
3.1299589603283176,35
3.129973474801061,79
3.12998712998713,29
3.13,65
3.130012150668287,34
3.1300236406619386,85
3.1300345224395856,28
3.1300448430493275,74
3.130054644808743,22
3.1300639658848612,83
3.130072840790843,25
3.130081300813008,86
3.130097087378641,36
3.130111524163569,37
3.1301247771836005,33
3.1301369863013697,45
3.1301482701812193,38
3.13015873015873,35
3.1301684532924963,32
3.1301775147928996,32
3.1301859799713876,35
3.1301939058171744,40
3.1302013422818793,26
3.1302083333333335,37
3.1302149178255374,30
3.13022113022113,28
3.130227001194743,30
3.130232558139535,20
3.130237825594564,29
3.130242825607064,26
3.1302475780409043,25
3.130252100840336,28
3.1302564102564103,28
3.130260521042084,32
3.130434782608696,2231
3.130612244897959,31
3.130616509926855,35
3.1306209850107067,30
3.1306256860592754,29
3.130630630630631,24
3.130635838150289,29
3.130641330166271,25
3.1306471306471306,28
3.130653266331658,35
3.130659767141009,27
3.1306666666666665,39
3.130674002751032,34
3.1306818181818183,30
3.130690161527166,34
3.1306990881458967,28
3.130708661417323,36
3.130718954248366,39
3.130730050933786,36
3.1307420494699647,30
3.130755064456722,40
3.1307692307692307,38
3.130784708249497,81
3.130792996910402,28
3.130801687763713,63
3.130810810810811,33
3.130820399113082,65
3.130830489192264,26
3.130841121495327,76
3.1308523409363747,31
3.130864197530864,78
3.130876747141042,34
3.130890052356021,84
3.1309041835357623,30
3.13091922005571,92
3.130935251798561,42
3.130952380952381,93
3.130964467005076,39
3.130970724191063,39
3.130977130977131,30
3.130990415335463,134
3.131004366812227,28
3.131011608623549,39
3.1310190369540876,27
3.1310344827586207,127
3.1310507674144037,24
3.1310592459605027,29
3.1310679611650487,34
3.1310861423220975,126
3.1311053984575836,30
3.131115459882583,40
3.1311258278145697,35
3.131131131131131,25
3.1311475409836067,154
3.131164742917104,28
3.1311706629055007,33
3.131182795698925,61
3.131195335276968,39
3.131201764057332,23
3.1312217194570136,192
3.1312427409988386,23
3.13125,33
3.1312649164677806,74
3.1312803889789302,35
3.1312883435582823,28
3.1313131313131315,197
3.1313340227507758,29
3.1313394018205463,41
3.1313485113835378,37
3.1313559322033897,31
3.131367292225201,76
3.1313789359391966,31
3.1313868613138687,41
3.131396957123098,43
3.131403118040089,30
3.1314285714285712,227
3.131455399061033,19
3.1314623338257017,32
3.1314741035856573,30
3.1314837153196624,35
3.1314984709480123,121
3.13151364764268,27
3.1315240083507305,68
3.131537242472266,32
3.13154533844189,28
3.1315508021390372,35
3.1315789473684212,278
3.1316085489313834,33
3.1316146540027137,32
3.1316239316239316,49
3.131639722863741,74
3.1316526610644257,40
3.1316582914572866,37
3.131672597864769,113
3.1316872427983538,26
3.1316931982633864,40
3.131707317073171,79
3.131717597471022,34
3.131725417439703,34
3.1317365269461077,34
3.1317440401505645,39
3.1317494600431965,29
3.131782945736434,331
3.131818181818182,29
3.131824234354194,38
3.1318327974276525,39
3.13184584178499,86
3.131855309218203,30
3.131868131868132,77
3.1318795430944966,36
3.1318864774624373,41
3.13189448441247,32
3.1319148936170214,164
3.13193588162762,27
3.1319444444444446,30
3.1319520174482007,27
3.131964809384164,82
3.1319796954314723,31
3.131991051454139,73
3.132,22
3.132007233273056,32
3.1320182094081943,31
3.1320261437908496,44
3.13203214695752,25
3.1320368474923233,30
3.1320754716981134,413
3.1321160042964555,23
3.1321212121212123,36
3.132127955493741,37
3.132137030995106,32
3.1321499013806706,45
3.13215859030837,22
3.1321695760598502,77
3.132183908045977,37
3.1321897073662965,27
3.1322033898305084,139
3.1322207958921693,29
3.1322314049586777,63
3.1322436849925706,33
3.1322505800464038,24
3.132275132275132,210
3.1323003575685338,29
3.1323076923076925,44
3.1323210412147504,76
3.132332878581173,31
3.1323529411764706,121
3.132369299221357,31
3.1323763955342905,37
3.1323828920570267,33
3.132394366197183,77
3.132408575031526,28
3.132420091324201,83
3.132429614181439,28
3.132437619961612,42
3.1324503311258276,45
3.1324599708879184,41
3.1324675324675324,43
3.1324736225087926,23
3.1324786324786325,38
3.1325301204819276,552
3.132579650565262,26
3.1325842696629214,37
3.1325898389095417,28
3.132596685082873,42
3.1326053042121687,36
3.132616487455197,35
3.132631578947368,68
3.132641291810842,31
3.13265306122449,78
3.1326676176890156,40
3.132686084142395,134
3.132701421800948,27
3.1327102803738316,32
3.132720105124836,36
3.132725430597771,36
3.1327433628318584,162
3.1327649208282584,24
3.1327731092436975,28
3.132780082987552,28
3.1327913279132793,72
3.1328036322360955,27
3.1328125,38
3.132824427480916,34
3.1328320802005014,31
3.132837407013815,33
3.132867132867133,297
3.132897603485839,26
3.1329032258064515,24
3.132911392405063,29
3.132924335378323,71
3.132934131736527,28
3.132947976878613,92
3.1329608938547486,28
3.132969034608379,37
3.132978723404255,37
3.1329842931937173,28
3.1330049261083746,169
3.13302752293578,21
3.133034379671151,35
3.133047210300429,68
3.1330589849108366,36
3.1330645161290325,34
3.1330798479087454,129
3.133097762073027,23
3.1331058020477816,46
3.133113311331133,27
3.1331269349845203,125
3.13314447592068,32
3.133159268929504,89
3.1331719128329296,36
3.1331828442437923,94
3.1331923890063424,30
3.1332007952286283,37
3.133214920071048,39
3.13322632423756,40
3.1332357247437774,30
3.1332436069986542,30
3.133250311332503,31
3.1332560834298957,29
3.133261105092091,37
3.133265513733469,29
3.1333333333333333,826
3.1334002006018054,31
3.1334044823906084,35
3.1334093500570126,40
3.1334149326805387,29
3.1334214002642007,33
3.133428981348637,38
3.133437990580848,42
3.1334488734835357,31
3.133462282398453,46
3.13347022587269,26
3.1334792122538295,83
3.1334894613583137,23
3.133501259445844,69
3.1335149863760217,36
3.1335311572700295,92
3.1335436382754995,29
3.1335504885993486,34
3.133557800224467,25
3.1335740072202167,122
3.133592736705577,44
3.133603238866397,84
3.1336146272855134,29
3.1336206896551726,30
3.133640552995392,175
3.133663366336634,23
3.1336717428087986,37
3.133678756476684,30
3.1336898395721926,73
3.1337016574585634,30
3.133709981167608,33
3.133720930232558,31
3.1337278106508877,27
3.1337579617834397,276
3.133786848072562,30
3.133793103448276,42
3.1338028169014085,33
3.133810010214505,24
3.1338199513381997,68
3.133834586466165,32
3.133841131664853,27
3.1338582677165356,138
3.1338766006984864,33
3.133884297520661,39
3.1338912133891212,26
3.133903133903134,101
3.1339173967459324,26
3.1339285714285716,79
3.133937562940584,28
3.1339449541284403,38
3.133956386292835,35
3.1339648173207038,36
3.1339712918660285,26
3.1339764201500535,28
3.134020618556701,479
3.134065934065934,30
3.1340713407134073,32
3.1340782122905027,33
3.134087237479806,38
3.1340996168582373,42
3.1341077085533264,37
3.1341176470588237,68
3.134130146082337,38
3.1341463414634148,118
3.1341600901916573,28
3.1341681574239715,31
3.1341772151898732,28
3.134199134199134,173
3.1342200725513907,35
3.134228187919463,29
3.1342351716961496,31
3.1342465753424658,84
3.134259259259259,30
3.1342685370741483,66
3.1342812006319116,35
3.134289439374185,45
3.1342952275249725,30
3.1343283582089554,334
3.134358974358974,28
3.1343638525564805,29
3.1343705799151342,38
3.1343804537521813,33
3.134396355353075,74
3.1344086021505375,30
3.134426229508197,127
3.134443021766965,26
3.134453781512605,77
3.134466769706337,36
3.1344743276283618,28
3.134479271991911,36
3.134502923976608,224
3.1345291479820627,27
3.1345353675450762,36
3.1345454545454547,36
3.1345532831001077,27
3.134564643799472,89
3.1345755693581783,33
3.13458262350937,46
3.1345911949685537,25
3.1346153846153846,166
3.13463751438435,25
3.13464447806354,35
3.1346578366445916,81
3.134670487106017,36
3.134676564156946,33
3.1346938775510202,158
3.134715025906736,46
3.1347248576850095,38
3.134734239802225,28
3.1347517730496453,117
3.1347678369195924,29
3.13477537437604,29
3.134782608695652,33
3.134796238244514,125
3.134808853118712,21
3.1348148148148147,32
3.134831460674157,77
3.1348464619492655,36
3.1348600508905853,69
3.134872417982989,27
3.1348837209302327,86
3.1348940914158305,34
3.1349036402569594,66
3.1349124613800208,35
3.134920634920635,44
3.134935304990758,44
3.134948096885813,40
3.1349593495934958,30
3.1349693251533743,41
3.134978229317852,23
3.1349862258953167,38
3.134993446920052,37
3.135,29
3.1350059737156513,29
3.135011441647597,25
3.1350164654226127,30
3.1350210970464136,41
3.13502538071066,28
3.135135135135135,1387
3.1352459016393444,30
3.1352502662406816,31
3.1352549889135255,29
3.1352601156069366,33
3.135265700483092,30
3.1352718078381794,27
3.1352785145888595,40
3.1352859135285915,34
3.135294117647059,31
3.135303265940902,40
3.1353135313531353,36
3.1353251318101933,31
3.1353383458646618,39
3.1353535353535356,77
3.1353620146904513,34
3.1353711790393013,78
3.135381114903299,33
3.1353919239904986,84
3.1354037267080743,33
3.1354166666666665,90
3.1354309165526675,40
3.1354466858789625,83
3.1354642313546424,34
3.1354705274043435,33
3.1354838709677417,117
3.135498320268757,33
3.1355060034305318,38
3.135514018691589,26
3.1355311355311355,110
3.135549872122762,33
3.135559921414538,46
3.1355704697986577,31
3.1355759429153927,30
3.135593220338983,165
3.13561190738699,36
3.135618479880775,38
3.135632183908046,71
3.135646687697161,38
3.135654261704682,35
3.135678391959799,193
3.135699373695198,29
3.1357048748353096,39
3.1357142857142857,36
3.1357220412595006,39
3.1357340720221605,80
3.1357466063348416,25
3.135755258126195,44
3.1357664233576643,29
3.1357733175914992,33
3.1358024691358026,270
3.1358288770053475,26
3.1358344113842174,39
3.1358428805237315,32
3.1358574610244987,86
3.135869565217391,40
3.1358885017421603,111
3.135902636916836,24
3.135908440629471,39
3.1359223300970873,70
3.1359325605900947,38
3.1359404096834265,33
3.13595166163142,38
3.135959339263024,27
3.1359649122807016,42
3.136,366
3.1360332294911735,29
3.136038186157518,33
3.1360448807854135,30
3.1360544217687076,43
3.136069114470842,72
3.136079900124844,25
3.136094674556213,80
3.1361079865016874,30
3.1361161524500907,30
3.136125654450262,42
3.1361310133060387,24
3.136150234741784,189
3.1361702127659576,33
3.1361760660247593,37
3.1361867704280155,49
3.136196319018405,26
3.1362126245847177,118
3.136226034308779,34
3.136231884057971,21
3.1362467866323906,79
3.136258660508083,29
3.1362683438155137,77
3.136283185840708,30
3.1362940275650844,39
3.136302294197031,27
3.1363088057901085,27
3.1363140676117776,34
3.1363636363636362,550
3.1364124597207304,32
3.136417556346382,41
3.1364238410596026,40
3.136431784107946,33
3.1364421416234887,38
3.1364562118126273,59
3.1364653243847873,37
3.1364764267990073,79
3.136490250696379,28
3.1365079365079365,120
3.1365227537922986,27
3.1365313653136533,42
3.1365409622886866,36
3.1365461847389557,22
3.1365638766519823,167
3.1365853658536587,23
3.136593591905565,39
3.1366006256517207,30
3.1366120218579234,84
3.1366245694603903,29
3.1366336633663368,44
3.1366459627329193,42
3.136653895274585,33
3.1366594360086766,34
3.1366906474820144,299
3.136723163841808,29
3.136729222520107,31
3.1367380560131797,39
3.1367521367521367,65
3.136762860727729,27
3.13677811550152,111
3.1367924528301887,39
3.136801541425819,49
3.136812411847673,36
3.136818687430478,31
3.136842105263158,218
3.1368680641183726,33
3.136876006441224,32
3.136890951276102,71
3.136904761904762,35
3.1369112814895947,36
3.136929460580913,162
3.136950904392765,43
3.1369606003752346,39
3.136969696969697,23
3.136986301369863,112
3.1370010787486518,31
3.137007874015748,39
3.1370143149284253,29
3.1370262390670556,79
3.1370420624151967,37
3.1370558375634516,63
3.137067938021454,36
3.1370786516853935,85
3.1370882040382573,33
3.1370967741935485,75
3.137111517367459,38
3.137123745819398,33
3.13713405238829,33
3.137142857142857,42
3.137150466045273,29
3.13715710723192,34
3.1371629542790154,36
3.1371681415929205,29
3.13717277486911,34
3.1372549019607843,935
3.1373346897253307,34
3.1373390557939915,30
3.137343927355278,40
3.1373493975903615,31
3.1373555840821568,35
3.1373626373626373,34
3.137370753323486,30
3.137380191693291,44
3.137391304347826,28
3.1374045801526718,45
3.1374122367101305,26
3.1374207188160677,83
3.137430167597765,35
3.137440758293839,80
3.137452711223203,31
3.137466307277628,74
3.137481910274964,26
3.1375,133
3.1375137513751374,33
3.1375212224108657,41
3.1375291375291376,30
3.137546468401487,137
3.1375661375661377,35
3.137577002053388,74
3.1375886524822696,38
3.1375947995666307,35
3.1376146788990824,181
3.137637028014616,32
3.1376451077943615,29
3.1376518218623484,23
3.137662337662338,80
3.1376734258271077,33
3.13768115942029,30
3.1376912378303197,33
3.1376975169300225,30
3.1377245508982035,257
3.1377497371188223,38
3.1377551020408165,33
3.1377633711507293,37
3.137777777777778,80
3.1377899045020463,41
3.137809187279152,124
3.137823834196891,33
3.1378299120234603,32
3.137844611528822,76
3.137855579868709,31
3.137864077669903,45
3.1378763866877972,35
3.137884872824632,31
3.137891077636153,25
3.1378958120531153,35
3.1379310344827585,383
3.1379657603222557,26
3.137970353477765,29
3.137976346911958,39
3.137984496124031,37
3.1379962192816637,51
3.1380042462845013,36
3.138014527845036,79
3.1380281690140843,37
3.138047138047138,127
3.1380645161290324,45
3.1380753138075312,81
3.1380880121396055,40
3.138095238095238,36
3.138121546961326,231
3.138144329896907,28
3.138149556400507,32
3.138157894736842,40
3.1381733021077283,79
3.138187221396731,38
3.1381936887921653,32
3.138211382113821,159
3.1382316313823164,40
3.1382405745062836,30
3.1382488479262673,30
3.1382636655948555,122
3.1382765531062122,27
3.138282387190684,28
3.1382978723404253,80
3.138310893512852,26
3.1383219954648527,91
3.1383315733896517,37
3.1383399209486167,43
3.138353765323993,30
3.138364779874214,42
3.138373751783167,33
3.1383812010443863,38
3.138387484957882,31
3.138392857142857,33
3.138397502601457,29
3.1384615384615384,766
3.1385237613751262,26
3.1385281385281387,38
3.138533178114086,30
3.138539042821159,35
3.1385459533607682,36
3.13855421686747,33
3.1385642737896493,28
3.1385767790262173,36
3.138592750533049,71
3.138602520045819,32
3.1386138613861387,77
3.138627187079408,31
3.1386430678466075,80
3.138655462184874,34
3.1386623164763456,34
3.1386696730552424,33
3.1386861313868613,116
3.1387054161162484,39
3.1387163561076603,78
3.138728323699422,26
3.13873473917869,36
3.138755980861244,169
3.1387755102040815,28
3.138780804150454,34
3.1387900355871885,38
3.1387978142076505,27
3.138810198300283,79
3.1388235294117646,46
3.1388329979879277,72
3.138845553822153,41
3.1388535031847136,36
3.138858988159311,34
3.138888888888889,279
3.1389183457051963,40
3.1389236545682104,41
3.1389312977099237,40
3.1389432485322897,44
3.138952164009112,32
3.138964577656676,78
3.1389759665621733,38
3.1389830508474574,37
3.1389913899138993,35
3.1390134529147984,177
3.1390319258496397,34
3.1390374331550803,31
3.139047619047619,49
3.1390568319226118,36
3.1390728476821192,117
3.1390862944162436,28
3.1390922401171304,32
3.1391076115485563,87
3.1391200951248512,41
3.139130434782609,80
3.139139139139139,27
3.1391465677179964,44
3.1391585760517797,31
3.139167862266858,32
3.1391752577319587,43
3.1391812865497077,40
3.139186295503212,37
3.1392405063291138,616
3.139293139293139,29
3.1392978482446208,42
3.1393034825870645,38
3.139310344827586,33
3.1393188854489162,37
3.1393298059964727,32
3.139344262295082,70
3.1393534002229653,28
3.139364303178484,68
3.1393775372124493,32
3.139393939393939,116
3.1394072447859496,35
3.1394148020654047,32
3.139423076923077,32
3.139442231075697,145
3.1394594594594594,35
3.1394658753709197,36
3.1394799054373523,82
3.1394957983193277,42
3.139504563233377,33
3.1395101171459,34
3.13953488372093,234
3.1395592864637987,31
3.139564660691421,38
3.1395730706075535,45
3.139588100686499,81
3.1396011396011394,31
3.1396070320579113,34
3.139622641509434,150
3.1396396396396398,27
3.139646869983949,32
3.1396534148827726,27
3.1396648044692737,71
3.1396786155747836,37
3.139689578713969,95
3.1396984924623115,29
3.139705882352941,41
3.1397174254317113,40
3.1397260273972605,33
3.1397326852976915,33
3.1397379912663754,30
3.139784946236559,477
3.139830508474576,41
3.139835487661575,44
3.1398416886543536,41
3.1398496240601506,32
3.13986013986014,29
3.139874739039666,81
3.139884393063584,26
3.139896373056995,81
3.1399116347569955,34
3.139917695473251,38
3.1399317406143346,136
3.1399491094147582,39
3.1399594320486814,68
3.13997113997114,25
3.139977603583427,31
3.14,205
3.1400220507166483,27
3.14002828854314,27
3.1400394477317555,40
3.14004914004914,34
3.1400651465798046,115
3.1400832177531206,36
3.140096618357488,79
3.140106951871658,38
3.140115163147793,44
3.140127388535032,34
3.140136054421769,39
3.1401425178147266,35
3.1401475237091674,29
3.1401869158878504,450
3.140225179119754,39
3.1402298850574715,37
3.1402359108781126,43
3.1402439024390243,42
3.140255009107468,33
3.1402623612512612,31
3.1402714932126696,85
3.1402831402831404,43
3.1402985074626866,88
3.140311804008909,26
3.1403197158081704,41
3.140328697850822,41
3.1403508771929824,164
3.1403726708074533,40
3.1403812824956674,28
3.140388768898488,49
3.140401146131805,88
3.1404151404151404,34
3.1404255319148935,75
3.1404399323181047,39
3.140449438202247,42
3.140456182472989,34
3.140461215932914,34
3.1404958677685952,367
3.140529531568228,30
3.140534262485482,34
3.1405405405405404,33
3.1405492730210014,33
3.140562248995984,69
3.1405714285714286,34
3.140583554376658,90
3.140600315955766,37
3.140607424071991,30
3.140625,130
3.140642303433001,35
3.1406491499227203,37
3.1406649616368285,78
3.1406761177753544,32
3.140684410646388,49
3.140695915279879,39
3.14070351758794,32
3.140708915145005,40
3.140740740740741,346
3.1407716371220022,39
3.1407766990291264,33
3.1407837445573294,38
3.1407942238267146,41
3.1408016443987665,39
3.1408114558472553,76
3.140825035561878,34
3.1408308004052685,34
3.140845070422535,119
3.1408647140864714,31
3.140877598152425,81
3.140893470790378,40
3.140902872777018,27
3.140909090909091,37
3.140939597315436,288
3.140969162995595,26
3.1409749670619234,34
3.140983606557377,41
3.140997830802603,84
3.1410090556274257,40
3.141025641025641,128
3.1410419313850064,39
3.1410526315789475,70
3.1410658307210033,32
3.1410736579275906,43
3.141078838174274,36
3.1411042944785277,271
3.1411290322580645,32
3.141133896260555,39
3.141141141141141,34
3.1411530815109345,44
3.1411625148279954,34
3.1411764705882352,72
3.1411901983663943,44
3.141199226305609,43
3.1412103746397695,30
3.1412169919632604,37
3.1412429378531073,248
3.1412680756395996,29
3.141274238227147,35
3.141284403669725,35
3.141292442497262,29
3.141304347826087,79
3.141316073354908,51
3.1413237924865833,35
3.1413333333333333,40
3.141339001062699,38
3.141361256544503,210
3.1413828689370487,38
3.141388174807198,43
3.1413969335604772,32
3.141403865717192,23
3.1414141414141414,91
3.141424272818455,34
3.141430948419301,36
3.141439205955335,34
3.1414634146341465,173
3.1414868105515588,30
3.1414944356120826,31
3.141509433962264,71
3.141524105754277,32
3.1415313225058004,37
3.141552511415525,175
3.141573033707865,29
3.1415797317436662,36
3.1415929203539825,82
3.141605839416058,33
3.1416122004357296,32
3.1416309012875536,177
3.141649048625793,47
3.1416549789621318,43
3.1416666666666666,82
3.1416781292984868,27
3.141683778234086,38
3.1417004048582995,181
3.141721854304636,38
3.141732283464567,38
3.141742522756827,27
3.1417624521072796,150
3.1417816813048933,36
3.1417910447761193,48
3.1418002466091246,39
3.1418181818181816,116
3.141835518474374,31
3.141843971631206,42
3.141852286049238,35
3.141868512110727,110
3.1418842224744608,32
3.141891891891892,33
3.141899441340782,29
3.1419141914191417,126
3.1419284940411703,34
3.141935483870968,32
3.141942369263607,41
3.141955835962145,129
3.1419689119170986,41
3.1419753086419755,36
3.1419816138917263,35
3.1419939577039275,129
3.1420118343195265,46
3.1420289855072463,87
3.1420454545454546,30
3.1420612813370474,78
3.1420765027322406,28
3.1420911528150133,73
3.142105263157895,34
3.1421188630490957,88
3.1421319796954315,45
3.14214463840399,83
3.142156862745098,39
3.1421686746987953,72
3.1421800947867298,33
3.1421911421911424,85
3.1422018348623855,30
3.1422121896162527,77
3.1422222222222222,28
3.1422319474835887,80
3.1422413793103448,50
3.142250530785563,78
3.1422594142259412,36
3.1422680412371133,82
3.1422764227642275,28
3.1422845691382766,86
3.142300194931774,36
3.1423149905123338,50
3.142329020332717,43
3.142342342342342,42
3.142355008787346,35
3.142367066895369,34
3.1423785594639866,34
3.1423895253682486,43
3.1424,29
3.1424100156494523,31
3.1424196018376724,36
3.1424287856071964,35
3.142437591776799,31
3.1424460431654677,32
3.142454160789845,26
3.1424619640387275,32
3.1424694708276797,34
3.1424766977363516,49
3.142483660130719,36
3.142490372272144,46
3.14249684741488,50
3.1425030978934325,35
3.1425091352009744,37
3.1425149700598802,24
3.142520612485277,30
3.1425260718424104,43
3.142531356898518,33
3.142536475869809,33
3.1425414364640885,36
3.1425462459194775,34
3.142550911039657,35
3.1425554382259766,43
3.142559833506764,40
3.1425641025641027,34
3.142568250758342,33
3.142857142857143,3890
3.1431431431431434,41
3.1431472081218272,35
3.1431513903192583,34
3.143155694879833,33
3.1431601272534464,30
3.1431646932185147,43
3.1431693989071037,39
3.1431742508324083,27
3.1431792559188274,37
3.143184421534937,33
3.1431897555296855,38
3.143195266272189,30
3.1432009626955475,30
3.1432068543451654,41
3.1432129514321296,37
3.1432192648922688,46
3.1432258064516128,37
3.14323258869908,37
3.143239625167336,38
3.1432469304229196,28
3.1432545201668987,32
3.143262411347518,28
3.143270622286541,34
3.1432791728212703,43
3.143288084464555,41
3.143297380585516,40
3.1433070866141732,37
3.143317230273752,33
3.14332784184514,39
3.1433389544688026,30
3.143350604490501,31
3.1433628318584073,46
3.143375680580762,37
3.143389199255121,53
3.1434034416826004,43
3.143418467583497,36
3.1434343434343432,80
3.1434426229508197,34
3.1434511434511436,89
3.1434599156118144,41
3.143468950749465,76
3.143478260869565,36
3.143487858719647,78
3.1434977578475336,30
3.143507972665148,79
3.1435185185185186,49
3.143529411764706,69
3.1435406698564594,27
3.1435523114355233,74
3.1435643564356437,42
3.1435768261964734,93
3.1435897435897435,36
3.143603133159269,84
3.143617021276596,45
3.143631436314363,85
3.143646408839779,35
3.1436619718309857,76
3.1436781609195403,36
3.1436950146627565,80
3.143712574850299,34
3.143718592964824,40
3.143730886850153,135
3.143743536711479,41
3.14375,33
3.143756558237146,45
3.143769968051118,122
3.1437837837837836,43
3.1437908496732025,42
3.1437980241492864,39
3.1438127090301005,131
3.1438278595696487,30
3.143835616438356,29
3.143843498273878,40
3.143859649122807,121
3.1438763376932224,27
3.143884892086331,42
3.1438935912938333,27
3.143911439114391,133
3.143929912390488,38
3.143939393939394,51
3.1439490445859875,41
3.1439688715953307,130
3.1439894319682957,37
3.144,80
3.1440107671601614,42
3.1440162271805274,28
3.1440329218106995,164
3.144050104384134,29
3.144055944055944,42
3.1440677966101696,71
3.1440798858773182,28
3.1440860215053763,40
3.1441048034934496,187
3.1441241685144123,31
3.1441307578008915,33
3.144144144144144,79
3.1441578148710168,38
3.1441647597254003,39
3.144186046511628,180
3.144208037825059,28
3.144215530903328,32
3.144230769230769,77
3.1442463533225284,39
3.1442542787286065,43
3.144278606965174,180
3.144298688193744,29
3.1443037974683543,41
3.1443123938879456,29
3.1443193449334697,33
3.1443298969072164,82
3.1443406022845277,47
3.1443478260869564,34
3.1443569553805775,41
3.14436248682824,33
3.144385026737968,211
3.1444082519001086,38
3.1444141689373297,29
3.1444241316270567,34
3.1444321940463067,37
3.1444444444444444,62
3.144456886898096,30
3.144465290806754,46
3.144475920679887,33
3.1444823663253696,30
3.1445086705202314,252
3.144535840188014,30
3.144542772861357,43
3.1445544554455447,36
3.144563918757467,34
3.144578313253012,139
3.1445929526123937,39
3.144602851323829,80
3.144615384615385,38
3.1446229913473425,39
3.144628099173554,37
3.1446540880503147,305
3.1446808510638298,31
3.144686299615877,40
3.144694533762058,30
3.1447084233261338,81
3.1447196870925684,37
3.1447368421052633,134
3.144754316069057,37
3.1447661469933186,84
3.144781144781145,27
3.144790257104195,37
3.1447963800904977,30
3.1448275862068966,291
3.1448598130841123,31
3.1448663853727146,33
3.1448763250883394,47
3.144883485309017,30
3.1448931116389547,69
3.144906743185079,33
3.144912641315519,30
3.1449275362318843,118
3.144942648592284,34
3.1449487554904834,37
3.1449631449631448,75
3.1449735449735448,29
3.1449814126394053,42
3.1449925261584455,35
3.145,36
3.1450053705692804,36
3.145038167938931,355
3.1450719822812845,36
3.145077720207254,31
3.145085803432137,32
3.145098039215686,42
3.1451068616422946,38
3.1451187335092348,82
3.145135566188198,33
3.145142857142857,38
3.1451612903225805,195
3.1451800232288036,45
3.1451876019575855,41
3.14519427402863,34
3.1452054794520548,67
3.145218417945691,29
3.145228215767635,87
3.1452420701168613,37
3.1452513966480447,44
3.1452581032412965,28
3.1452631578947368,39
3.1452991452991452,358
3.1453362255965294,34
3.1453416149068323,41
3.145348837209302,32
3.1453590192644483,42
3.145374449339207,86
3.145385587863464,40
3.14540059347181,76
3.145413870246085,31
3.1454219030520645,47
3.145431145431145,37
3.1454363089267803,37
3.1454545454545455,163
3.145473041709054,43
3.145478374836173,33
3.14548802946593,41
3.1454965357967666,45
3.1455108359133126,117
3.145527369826435,37
3.1455399061032865,79
3.1455497382198954,38
3.145557655954631,48
3.1455696202531644,36
3.145578231292517,31
3.1455847255369926,31
3.1455897980871415,31
3.145631067961165,409
3.1456736035049286,41
3.145679012345679,35
3.1456859971711455,32
3.1456953642384105,39
3.1457085828343314,42
3.1457174638487206,38
3.1457286432160805,91
3.145743145743146,35
3.145748987854251,32
3.145762711864407,127
3.1457800511508953,44
3.1457905544147846,66
3.14580265095729,38
3.145809414466131,45
3.1458333333333335,204
3.14585764294049,24
3.1458646616541355,37
3.145877378435518,71
3.145888594164456,36
3.1459074733096086,130
3.1459227467811157,41
3.1459293394777266,37
3.145945945945946,86
3.145958986731001,28
3.1459694989106755,91
3.145985401459854,37
3.1459968602825747,29
3.1460055096418733,38
3.1460122699386504,33
3.146017699115044,38
3.1460221550855993,28
3.146067415730337,565
3.1461139896373056,39
3.146118721461187,40
3.1461245235069883,40
3.146131805157593,31
3.1461412151067325,35
3.146153846153846,47
3.146161934805468,37
3.1461716937354987,96
3.146183699870634,32
3.146198830409357,84
3.146211312700107,30
3.146218487394958,28
3.1462264150943398,36
3.1462450592885376,147
3.14626218851571,34
3.1462686567164178,34
3.146282973621103,77
3.1462925851703405,33
3.1462994836488813,34
3.1463087248322146,50
3.1463146314631465,39
3.1463414634146343,294
3.1463687150837987,36
3.146374829001368,41
3.146384479717813,44
3.1463917525773195,34
3.1464019851116625,87
3.146417445482866,30
3.1464245175936436,33
3.1464435146443517,173
3.1464646464646466,36
3.146473779385172,43
3.146482122260669,41
3.1464968152866244,123
3.14651493598862,25
3.146529562982005,83
3.1465416178194605,34
3.146551724137931,73
3.146567717996289,43
3.1465798045602607,43
3.146589259796807,31
3.1465968586387434,38
3.1466030989272946,31
3.1466083150984683,41
3.146612740141557,31
3.1466666666666665,681
3.1467221644120706,31
3.146726862302483,35
3.1467324290998766,34
3.1467391304347827,32
3.146747352496218,37
3.1467576791808876,29
3.146771037181996,39
3.146779303062302,31
3.146788990825688,87
3.1468005018820575,44
3.146814404432133,68
3.1468315301391034,31
3.1468381564844585,37
3.1468531468531467,127
3.1468710089399745,40
3.1468812877263583,71
3.146892655367232,35
3.14689880304679,40
3.146919431279621,158
3.146938775510204,32
3.1469440832249673,42
3.1469534050179213,46
3.146961325966851,38
3.1469740634005765,84
3.146987951807229,32
3.1469979296066253,83
3.147011308562197,33
3.147019867549669,40
3.1470258136924802,36
3.1470588235294117,322
3.14709236031927,35
3.147098515519568,37
3.147107438016529,37
3.1471215351812365,68
3.14713216957606,35
3.1471471471471473,115
3.1471610660486675,40
3.147169811320755,46
3.1471801925722147,43
3.1471861471861473,34
3.1472081218274113,199
3.147232037691402,37
3.147239263803681,39
3.147252747252747,77
3.14726507713885,31
3.1472708547888772,35
3.147286821705426,138
3.147305389221557,33
3.147313691507799,39
3.1473214285714284,36
3.147335423197492,126
3.1473533619456364,30
3.1473684210526316,84
3.1473812423873326,35
3.147392290249433,79
3.147401908801697,33
3.147410358565737,37
3.1474245115452932,34
3.1474358974358974,34
3.1474452554744525,36
3.1474530831099194,51
3.147459727385378,44
3.1474654377880182,37
3.147470398277718,29
3.1474747474747473,31
3.1475409836065573,803
3.1476091476091477,28
3.1476137624861265,36
3.1476190476190475,29
3.147625160462131,37
3.147632311977716,40
3.147640791476408,39
3.1476510067114094,30
3.147663551401869,47
3.147679324894515,71
3.1476888387824125,35
3.1476997578692494,76
3.1477124183006535,33
3.147727272727273,68
3.147738693467337,25
3.1477449455676516,35
3.147751605995717,39
3.147766323024055,124
3.147783251231527,36
3.147792706333973,48
3.14780292942743,37
3.147808358817533,29
3.1478260869565218,192
3.147846332945285,32
3.14785373608903,38
3.1478696741854635,96
3.1478800413650467,33
3.147887323943662,45
3.1478968792401627,36
3.1479028697571745,38
3.1479289940828403,228
3.147953830010493,30
3.1479591836734695,39
3.1479674796747967,37
3.1479820627802693,75
3.147994467496542,25
3.148,36
3.148014440433213,134
3.1480298189563367,27
3.1480362537764353,38
3.148051948051948,95
3.1480637813211847,37
3.1480730223123734,78
3.1480865224625623,45
3.148095909732017,33
3.1481028151774786,32
3.148108108108108,30
3.1481481481481484,443
3.1481888035126233,32
3.148194271481943,38
3.148201438848921,41
3.148211243611584,30
3.1482254697286014,90
3.1482352941176472,36
3.1482479784366575,85
3.1482649842271293,33
3.148272017837235,34
3.1482889733840302,151
3.1483050847457625,34
3.1483113069016153,46
3.148325358851675,86
3.148335015136226,33
3.148342059336824,44
3.1483516483516483,41
3.148357870894677,40
3.1483870967741936,286
3.148413510747185,32
3.148418491484185,34
3.1484257871064467,34
3.1484375,45
3.148446490218642,33
3.1484593837535013,84
3.148471615720524,37
3.148479427549195,47
3.1484888304862024,36
3.1484942886812046,29
3.1485148514851486,172
3.1485380116959063,40
3.1485451761102605,35
3.1485587583148558,73
3.1485714285714286,33
3.148577449947313,35
3.1485943775100402,185
3.1486146095717884,32
3.148623853211009,42
3.1486325802615935,32
3.1486486486486487,134
3.148663101604278,39
3.1486697965571206,37
3.1486761710794298,29
3.1486880466472305,85
3.148703956343793,37
3.1487179487179486,97
3.1487303506650544,39
3.148741418764302,84
3.1487513572204127,31
3.1487603305785123,81
3.1487758945386064,45
3.14878892733564,38
3.1488,41
3.1488095238095237,31
3.148817802503477,38
3.1488250652741514,33
3.148831488314883,36
3.1488372093023256,36
3.1488423373759646,39
3.148846960167715,31
3.148936170212766,1084
3.149023638232271,38
3.14902807775378,28
3.149032992036405,40
3.1490384615384617,41
3.1490445859872613,41
3.149051490514905,39
3.149059334298119,36
3.1490683229813663,38
3.1490787269681744,37
3.149090909090909,42
3.1491053677932404,40
3.1491136600625653,36
3.1491228070175437,86
3.1491329479768786,29
3.1491442542787285,74
3.1491569390402074,47
3.149171270718232,63
3.1491875923190547,32
3.149193548387097,24
3.149206349206349,131
3.1492204899777283,30
3.1492281303602057,27
3.1492361927144534,31
3.1492537313432836,141
3.1492734478203435,37
3.149284253578732,72
3.149295774647887,33
3.1493018259935552,36
3.1493212669683257,162
3.149342891278375,29
3.1493506493506493,35
3.149367088607595,72
3.1493775933609958,26
3.149384885764499,42
3.149394347240915,44
3.149400218102508,32
3.1494252873563218,233
3.1494483450351054,30
3.149453219927096,31
3.1494607087827426,32
3.1494736842105264,84
3.149484536082474,43
3.1495016611295683,141
3.149519890260631,36
3.149532710280374,85
3.1495422177009154,21
3.1495495495495494,42
3.1495601173020527,43
3.149567367119901,33
3.1495726495726495,36
3.1496062992125986,360
3.149638802889577,37
3.1496437054631827,21
3.14965034965035,35
3.1496598639455784,31
3.1496746203904555,74
3.149685534591195,31
3.1497005988023954,80
3.149714285714286,39
3.1497227356746764,44
3.1497326203208558,49
3.149738219895288,31
3.1497584541062804,159
3.149779735682819,39
3.149786019971469,36
3.1497975708502026,71
3.149807938540333,44
3.1498257839721253,133
3.1498405951115833,36
3.149847094801223,34
3.1498637602179835,74
3.14987714987715,38
3.149888143176734,86
3.1498973305954827,38
3.1499051233396584,46
3.1499176276771004,41
3.1499272197962154,44
3.14993481095176,38
3.1499409681227863,36
3.149946062567422,33
3.15,654
