pi-val,count
3.12,980
3.1200807265388497,21
3.120085015940489,32
3.1200897867564534,33
3.1200951248513675,36
3.120101137800253,30
3.1201079622132255,28
3.1201157742402317,33
3.1201248049921997,29
3.1201353637901863,36
3.120147874306839,31
3.120162932790224,55
3.1201716738197427,29
3.120181405895692,77
3.1201923076923075,40
3.1202046035805626,62
3.120218579234973,35
3.1202346041055717,77
3.120246659815005,23
3.1202531645569622,35
3.1202600216684724,26
3.120274914089347,121
3.120291616038882,32
3.1203007518796992,33
3.1203104786545923,33
3.120331950207469,147
3.1203501094091903,39
3.1203566121842496,32
3.1203703703703702,81
3.120385232744783,28
3.1203931203931203,31
3.1204188481675392,212
3.1204419889502764,29
3.1204481792717087,40
3.120458891013384,26
3.1204678362573097,38
3.1204819277108435,102
3.120496894409938,26
3.120507399577167,65
3.1205211726384365,40
3.1205298013245035,30
3.1205357142857144,29
3.120567375886525,291
3.12059765208111,31
3.120603015075377,27
3.120610687022901,38
3.1206225680933852,44
3.1206313416009017,35
3.1206434316353886,80
3.1206543967280163,21
3.1206611570247933,38
3.120669056152927,37
3.1206896551724137,149
3.1207115628970774,30
3.120720720720721,34
3.120728929384966,28
3.1207430340557276,95
3.1207598371777476,34
3.1207729468599035,74
3.120783460282916,38
3.120792079207921,60
3.120805369127517,36
3.120815138282387,34
3.120822622107969,31
3.1208285385500574,28
3.120833333333333,20
3.120879120879121,445
3.120925341745531,26
3.1209302325581394,24
3.120936280884265,32
3.1209439528023597,27
3.1209540034071552,32
3.120967741935484,72
3.120976692563818,29
3.1209876543209876,71
3.121001390820584,34
3.121019108280255,107
3.1210340775558167,30
3.1210428305400373,21
3.1210526315789475,28
3.121057985757884,17
3.1210762331838566,194
3.1210986267166043,33
3.121107266435986,40
3.1211146838156485,28
3.12112676056338,96
3.121140142517815,41
3.1211498973305956,72
3.121163166397415,35
3.1211717709720372,42
3.121177802944507,34
3.121212121212121,288
3.1212435233160623,21
3.12124849939976,47
3.1212553495007134,27
3.1212653778558876,35
3.1212814645308926,67
3.1212938005390836,20
3.121311475409836,127
3.1213282247765006,31
3.1213389121338913,72
3.121351766513057,31
3.121359223300971,34
3.1213640922768304,23
3.121387283236994,232
3.121412803532009,28
3.121418826739427,32
3.1214285714285714,31
3.1214361140443505,26
3.1214470284237725,80
3.1214574898785425,26
3.1214642262895174,36
3.121472392638037,34
3.121495327102804,163
3.121516164994426,32
3.121522693997072,36
3.121535181236674,68
3.1215469613259668,29
3.121552604698672,19
3.1215686274509804,133
3.1215880893300247,32
3.1215970961887476,35
3.1216056670602126,37
3.1216216216216215,120
3.1216361679224973,32
3.1216429699842023,37
3.1216494845360825,23
3.121661721068249,83
3.1216783216783215,45
3.121693121693122,71
3.1217063989962357,28
3.1217183770883055,87
3.1217292377701935,27
3.121739130434783,77
3.121748178980229,23
3.121756487025948,38
3.121771217712177,33
3.1217838765008574,40
3.121794871794872,27
3.1218045112781954,42
3.121813031161473,28
3.1218206157965196,31
3.1218274111675126,25
3.1218335343787698,33
3.12183908045977,32
3.1218441273326016,37
3.1218487394957983,28
3.121852970795569,20
3.1219512195121952,1133
3.1220512820512822,24
3.1220556745182013,23
3.122060470324748,30
3.1220657276995305,30
3.1220715166461157,31
3.122077922077922,33
3.122085048010974,31
3.122093023255814,30
3.1221020092735703,33
3.122112211221122,35
3.1221238938053095,33
3.122137404580153,34
3.122153209109731,61
3.1221621621621622,29
3.1221719457013575,72
3.1221826809015423,49
3.1221945137157108,74
3.1222076215505914,38
3.1222222222222222,76
3.122238586156112,28
3.1222444889779557,19
3.122257053291536,104
3.1222707423580784,38
3.1222780569514237,43
3.1222857142857143,29
3.1223021582733814,135
3.1223203026481716,26
3.122330097087379,46
3.122340425531915,46
3.122345803842265,27
3.1223628691983123,149
3.1223814773980156,27
3.1223880597014926,36
3.1224018475750577,75
3.12241653418124,31
3.1224242424242425,29
3.122448979591837,179
3.1224707135250265,33
3.1224764468371466,22
3.1224862888482634,33
3.1224944320712695,30
3.1225071225071224,65
3.122520420070012,32
3.122529644268775,59
3.122541603630862,37
3.122549019607843,29
3.122554067971164,23
3.1225806451612903,251
3.1226096737907763,32
3.122615803814714,32
3.1226252158894647,42
3.1226415094339623,87
3.1226551226551225,32
3.1226611226611225,24
3.1226765799256504,124
3.1226927252985885,29
3.1226993865030677,39
3.122715404699739,88
3.1227272727272726,29
3.1227364185110664,70
3.1227495908346974,37
3.1227586206896554,35
3.1227651966626935,39
3.122770199370409,30
3.1228070175438596,379
3.122842639593909,21
3.1228473019517797,32
3.1228533685601056,31
3.1228615863141522,29
3.122873345935728,37
3.1228813559322033,28
3.1228915662650603,79
3.122905027932961,39
3.122923588039867,130
3.122940430925222,27
3.122950819672131,63
3.122962962962963,32
3.1229698375870067,32
3.122994652406417,199
3.123020706455542,32
3.1230283911671926,33
3.1230425055928412,64
3.123055162659123,27
3.1230610134436403,21
3.123076923076923,131
3.123094958968347,29
3.123102866779089,34
3.123110151187905,33
3.123123123123123,101
3.1231393775372123,30
3.123152709359606,72
3.1231638418079095,35
3.1231732776617953,67
3.1231884057971016,42
3.1232,34
3.1232091690544412,33
3.1232166018158236,33
3.123222748815166,51
3.123227917121047,34
3.1232323232323234,23
3.1232876712328768,611
3.123343527013252,20
3.1233480176211454,26
3.1233532934131736,39
3.1233595800524934,33
3.123367198838897,25
3.1233766233766236,36
3.123388581952118,34
3.123404255319149,61
3.1234140715109575,32
3.123425692695214,60
3.1234396671289875,32
3.123456790123457,97
3.1234705228031148,29
3.123478260869565,42
3.123486682808717,25
3.1235059760956174,132
3.1235230934479055,27
3.123529411764706,30
3.1235431235431235,71
3.1235584843492585,38
3.123566878980892,27
3.1235721703011423,23
3.1235955056179776,222
3.1236180904522612,19
3.123623011015912,27
3.1236306729264474,39
3.123644251626898,65
3.1236559139784945,30
3.1236749116607774,144
3.1236897274633124,28
3.1236959761549925,32
3.1237113402061856,72
3.1237230419977298,34
3.123732251521298,50
3.1237458193979935,42
3.12375533428165,18
3.123762376237624,40
3.1237677984665937,38
3.123809523809524,428
3.1238485158648923,17
3.123853211009174,29
3.123859191655802,31
3.123867069486405,35
3.1238779174147218,37
3.1238938053097347,68
3.1239048811013768,26
3.123919308357349,83
3.123931623931624,26
3.1239388794567065,25
3.1239470517448855,36
3.12396694214876,162
3.1239860950173814,26
3.1239935587761676,33
3.124,17
3.12401055408971,82
3.124022346368715,34
3.124031007751938,43
3.124042879019908,37
3.1240506329113926,28
3.1240560949298812,37
3.124087591240876,283
3.124117053481332,26
3.1241217798594847,25
3.1241283124128314,31
3.1241379310344826,46
3.124153498871332,73
3.1241655540720963,34
3.1241830065359477,116
3.1241997439180538,32
3.1242105263157893,60
3.124223602484472,37
3.124231242312423,28
3.124236252545825,16
3.1242603550295858,250
3.1242873432155074,33
3.1242937853107344,28
3.12430426716141,28
3.1243124312431245,24
3.1243243243243244,79
3.124335812964931,25
3.1243432574430825,38
3.1243523316062176,28
3.1243576567317572,19
3.1243781094527363,184
3.124401913875598,41
3.1244094488188976,38
3.1244239631336406,76
3.1244377811094455,36
3.1244444444444444,33
3.124463519313305,168
3.12448132780083,23
3.124487004103967,36
3.1244979919678717,53
3.124508519003932,37
3.1245283018867926,111
3.124546553808948,25
3.1245551601423487,33
3.1245634458672877,33
3.1245791245791246,121
3.124593716143012,28
3.1246006389776357,30
3.1246073298429318,26
3.1246200607902734,113
3.1246376811594203,28
3.1246537396121883,73
3.1246684350132625,39
3.1246819338422394,74
3.1246943765281174,27
3.124705882352941,81
3.124716553287982,31
3.12472647702407,68
3.124735729386892,30
3.1247443762781186,64
3.124760076775432,39
3.124773960216998,39
3.124786324786325,33
3.124797406807131,31
3.1248073959938365,37
3.1248164464023493,31
3.1248246844319776,38
3.124832214765101,34
3.124839124839125,27
3.1248454882571077,40
3.1248513674197382,32
3.124856815578465,27
3.124861878453039,22
3.1248665955176094,24
3.1248710010319916,23
3.125,1564
3.1251271617497456,20
3.125131440588854,28
3.1251360174102287,33
3.125140924464487,33
3.1251461988304094,25
3.1251518833535843,26
3.125158027812895,29
3.1251646903820816,38
3.125171939477304,31
3.125179856115108,31
3.125188536953243,32
3.1251980982567353,35
3.1252086811352253,44
3.125220458553792,37
3.1252336448598133,30
3.125248508946322,39
3.1252566735112937,21
3.1252653927813165,63
3.1252747252747253,24
3.1252847380410023,75
3.1252955082742315,48
3.1253071253071254,78
3.125319693094629,27
3.1253333333333333,76
3.1253481894150417,31
3.1253644314868803,75
3.1253761283851555,16
3.125382262996942,44
3.1253886010362693,26
3.12540192926045,113
3.125416204217536,25
3.1254237288135593,26
3.1254315304948217,38
3.1254480286738353,129
3.125465838509317,40
3.1254752851711025,36
3.1254851228978007,31
3.125506072874494,145
3.1255230125523012,28
3.1255289139633287,28
3.1255411255411256,71
3.1255539143279174,28
3.125560538116592,25
3.125581395348837,178
3.1256038647342996,30
3.1256117455138663,37
3.1256281407035176,57
3.125638406537283,26
3.125645438898451,36
3.1256544502617802,33
3.125659978880676,26
3.1256830601092895,188
3.1257078142695356,29
3.125714285714286,26
3.125725338491296,41
3.125734430082256,34
3.125748502994012,83
3.1257631257631258,31
3.1257731958762887,67
3.1257861635220126,34
3.1257941550190598,28
3.1257995735607675,25
3.1258278145695364,281
3.125858123569794,28
3.1258644536652835,34
3.125874125874126,40
3.1258811681772407,26
3.125890736342043,90
3.125904486251809,30
3.1259105098855358,26
3.1259259259259258,120
3.125941872981701,40
3.125948406676783,43
3.125964010282776,69
3.1259754738015606,30
3.125984251968504,51
3.1259968102073366,26
3.1260053619302948,34
3.126011560693642,29
3.1260162601626016,23
3.1260504201680672,350
3.126086956521739,40
3.126092384519351,28
3.126099706744868,34
3.1261101243339255,34
3.126126126126126,67
3.126137841352406,33
3.126153846153846,114
3.1261682242990654,27
3.1261770244821094,40
3.1261872455902306,34
3.1261930010604453,28
3.1262135922330097,165
3.1262349066959385,27
3.126241134751773,26
3.12625250501002,55
3.1262626262626263,26
3.1262798634812285,118
3.1262939958592133,28
3.12630014858841,28
3.126315789473684,87
3.126328217237308,43
3.126338329764454,68
3.1263537906137184,40
3.126365054602184,36
3.1263736263736264,30
3.1263803680981597,29
3.1263858093126387,31
3.12639029322548,25
3.1264367816091956,504
3.1264864864864865,35
3.126491646778043,35
3.1264980026631157,32
3.1265060240963853,29
3.1265164644714036,39
3.126530612244898,67
3.1265397536394177,27
3.1265508684863526,82
3.1265646731571626,30
3.1265822784810124,116
3.126596980255517,34
3.126605504587156,36
3.1266149870801034,29
3.126637554585153,160
3.126658624849216,30
3.1266666666666665,44
3.126673532440783,21
3.1266846361185983,79
3.1266968325791855,28
3.1267056530214425,43
3.1267175572519084,44
3.1267252195734003,25
3.126730564430245,24
3.1267605633802815,298
3.1267916207276736,27
3.126797385620915,34
3.1268057784911716,30
3.126819126819127,65
3.126829268292683,29
3.1268436578171093,83
3.126857142857143,32
3.126865671641791,28
3.1268758526603,31
3.1268817204301076,40
3.1269035532994924,187
3.1269276393831555,31
3.126934984520124,34
3.1269487750556793,62
3.1269614835948647,27
3.1269674711437565,27
3.126984126984127,147
3.127003699136868,39
3.1270125223613596,37
3.1270207852193996,33
3.1270358306188926,123
3.127049180327869,31
3.1270553064275037,30
3.1270718232044197,75
3.1270860077021823,30
3.1270983213429258,73
3.12710911136108,31
3.1271186440677967,65
3.1271271271271273,24
3.127134724857685,38
3.127147766323024,37
3.1271585557299844,32
3.1271676300578033,28
3.1271753681392234,33
3.1271820448877805,35
3.127187864644107,31
3.1271929824561404,30
3.127197518097208,23
3.1272727272727274,866
3.127348643006263,34
3.1273532668881505,28
3.1273584905660377,35
3.1273644388398485,29
3.127371273712737,38
3.1273792093704245,30
3.127388535031847,26
3.1273996509598603,40
3.1274131274131274,39
3.127420998980632,32
3.127429805615551,80
3.12743972445465,37
3.127450980392157,75
3.1274638633377134,37
3.1274787535410766,81
3.1274961597542243,47
3.1275026343519494,39
3.12751677852349,121
3.1275327771156136,33
3.1275415896487986,32
3.127551020408163,29
3.1275720164609053,149
3.127589967284624,29
3.1275964391691393,34
3.1276102088167055,67
3.127625201938611,30
3.127633209417596,41
3.127638190954774,29
3.127659574468085,196
3.127683615819209,31
3.1276901004304163,33
3.1277013752455796,51
3.127710843373494,25
3.127725856697819,119
3.127741935483871,30
3.1277533039647576,79
3.1277683134582626,31
3.1277777777777778,27
3.12778429073857,33
3.127789046653144,23
3.1278195488721803,285
3.127853881278539,34
3.1278600269179004,37
3.1278688524590166,29
3.1278825995807127,68
3.1278928136419,25
3.127906976744186,70
3.1279199110122358,27
3.127927927927928,35
3.1279373368146213,29
3.127942681678608,30
3.1279620853080567,175
3.1279826464208242,42
3.1279887482419126,27
3.128,60
3.1280101394169835,26
3.1280276816608996,122
3.128042328042328,33
3.1280487804878048,42
3.128065395095368,82
3.12807881773399,39
3.1280898876404493,76
3.128099173553719,25
3.12810707456979,43
3.1281198003327786,41
3.1281296023564065,39
3.1281373844121534,40
3.1281437125748504,31
3.128148959474261,26
3.1281533804238144,28
3.128205128205128,543
3.1282586027111576,35
3.1282633371169126,34
3.12826899128269,34
3.1282758620689655,35
3.1282843894899535,34
3.1282952548330405,45
3.1283095723014256,69
3.1283185840707963,31
3.128329297820823,78
3.128342245989305,31
3.1283582089552238,75
3.128371089536138,36
3.1283783783783785,29
3.1283863368669023,31
3.1284046692607004,126
3.128421052631579,36
3.1284271284271283,34
3.128440366972477,76
3.1284552845528455,30
3.1284634760705288,32
3.12846865364851,36
3.1284916201117317,210
3.1285140562248994,32
3.128518971848225,27
3.128526645768025,31
3.128540305010893,77
3.1285520974289582,35
3.1285714285714286,125
3.128586609989373,23
3.128593040847201,37
3.1286089238845145,86
3.1286210892236386,37
3.128630705394191,64
3.1286449399656946,31
3.128654970760234,28
3.128662420382166,27
3.128668171557562,30
3.1286727456940224,25
3.128712871287129,432
3.128755364806867,32
3.1287605294825513,24
3.128767123287671,33
3.1287758346581875,32
3.128787878787879,35
3.1287958115183248,28
3.128805620608899,80
3.1288180610889773,37
3.128834355828221,119
3.1288483466362598,31
3.128856624319419,38
3.1288659793814433,38
3.128888888888889,176
3.1289111389236544,28
3.1289198606271778,43
3.1289274106175515,45
3.128939828080229,73
3.1289537712895377,26
3.1289640591966172,79
3.1289782244556115,30
3.128987517337032,33
3.1289940828402365,25
3.128998968008256,29
3.129032258064516,343
3.1290684624017957,29
3.1290743155149934,31
3.1290824261275274,40
3.1290944123314066,41
3.1291028446389495,24
3.1291139240506327,87
3.129129129129129,33
3.1291355389541087,22
3.129151291512915,124
3.129166666666667,31
3.1291727140783743,30
3.1291866028708135,72
3.1291963377416074,33
3.129203539823009,42
3.1292134831460676,29
3.1292200232828873,33
3.129251700680272,260
3.129281767955801,36
3.129287598944591,36
3.1292962356792144,29
3.1293103448275863,76
3.1293213828425097,36
3.1293375394321767,124
3.129353233830846,31
3.1293634496919918,79
3.1293759512937593,38
3.129383313180169,36
3.1293881644934802,34
3.1294117647058823,248
3.129438717067583,33
3.1294452347083928,37
3.1294559099437147,39
3.1294642857142856,24
3.1294765840220387,81
3.129488574537541,34
3.129496402877698,35
3.129506008010681,29
3.129511677282378,23
3.1295336787564767,198
3.1295546558704452,22
3.129559748427673,38
3.129568106312292,41
3.12958435207824,75
3.1296,24
3.1296076099881094,35
3.1296296296296298,167
3.1296505073280723,30
3.1296572280178836,35
3.1296703296703297,83
3.1296829971181555,39
3.129689174705252,34
3.1297071129707112,152
3.129724208375894,30
3.1297297297297297,35
3.129740518962076,39
3.1297509829619923,29
3.1297709923664123,122
3.129789864029666,37
3.129798903107861,31
3.1298076923076925,28
3.1298245614035087,131
3.129840546697039,32
3.1298482293423273,38
3.1298557158712543,30
3.1298701298701297,117
3.129883843717001,42
3.1298904538341157,34
3.129896907216495,30
3.1299093655589125,120
3.12992700729927,26
3.1299435028248586,77
3.1299589603283176,32
3.129973474801061,82
3.12998712998713,36
3.13,75
3.130012150668287,35
3.1300236406619386,69
3.1300345224395856,31
3.1300448430493275,74
3.130054644808743,26
3.1300639658848612,73
3.130072840790843,33
3.130081300813008,60
3.130097087378641,43
3.130111524163569,32
3.1301247771836005,29
3.1301369863013697,32
3.1301482701812193,36
3.13015873015873,30
3.1301684532924963,41
3.1301775147928996,29
3.1301859799713876,30
3.1301939058171744,34
3.1302013422818793,35
3.1302083333333335,31
3.1302149178255374,30
3.13022113022113,38
3.130227001194743,34
3.130232558139535,32
3.130237825594564,35
3.130242825607064,39
3.1302475780409043,28
3.130252100840336,40
3.1302564102564103,34
3.130260521042084,37
3.130434782608696,2194
3.130612244897959,28
3.130616509926855,33
3.1306209850107067,32
3.1306256860592754,30
3.130630630630631,31
3.130635838150289,31
3.130641330166271,29
3.1306471306471306,25
3.130653266331658,39
3.130659767141009,29
3.1306666666666665,31
3.130674002751032,34
3.1306818181818183,37
3.130690161527166,34
3.1306990881458967,35
3.130708661417323,32
3.130718954248366,32
3.130730050933786,33
3.1307420494699647,39
3.130755064456722,30
3.1307692307692307,41
3.130784708249497,61
3.130792996910402,33
3.130801687763713,83
3.130810810810811,36
3.130820399113082,71
3.130830489192264,36
3.130841121495327,76
3.1308523409363747,28
3.130864197530864,89
3.130876747141042,31
3.130890052356021,68
3.1309041835357623,40
3.13091922005571,90
3.130935251798561,33
3.130952380952381,84
3.130964467005076,36
3.130970724191063,31
3.130977130977131,31
3.130990415335463,103
3.131004366812227,28
3.131011608623549,42
3.1310190369540876,31
3.1310344827586207,118
3.1310507674144037,29
3.1310592459605027,31
3.1310679611650487,34
3.1310861423220975,125
3.1311053984575836,37
3.131115459882583,43
3.1311258278145697,30
3.131131131131131,35
3.1311475409836067,168
3.131164742917104,33
3.1311706629055007,38
3.131182795698925,79
3.131195335276968,33
3.131201764057332,38
3.1312217194570136,181
3.1312427409988386,27
3.13125,38
3.1312649164677806,80
3.1312803889789302,39
3.1312883435582823,30
3.1313131313131315,215
3.1313340227507758,29
3.1313394018205463,28
3.1313485113835378,35
3.1313559322033897,29
3.131367292225201,70
3.1313789359391966,28
3.1313868613138687,39
3.131396957123098,28
3.131403118040089,30
3.1314285714285712,217
3.131455399061033,34
3.1314623338257017,30
3.1314741035856573,38
3.1314837153196624,36
3.1314984709480123,110
3.13151364764268,32
3.1315240083507305,69
3.131537242472266,27
3.13154533844189,38
3.1315508021390372,37
3.1315789473684212,258
3.1316085489313834,32
3.1316146540027137,42
3.1316239316239316,35
3.131639722863741,66
3.1316526610644257,29
3.1316582914572866,34
3.131672597864769,117
3.1316872427983538,45
3.1316931982633864,35
3.131707317073171,64
3.131717597471022,32
3.131725417439703,35
3.1317365269461077,31
3.1317440401505645,36
3.1317494600431965,33
3.131782945736434,298
3.131818181818182,35
3.131824234354194,36
3.1318327974276525,39
3.13184584178499,77
3.131855309218203,32
3.131868131868132,84
3.1318795430944966,28
3.1318864774624373,34
3.13189448441247,30
3.1319148936170214,182
3.13193588162762,34
3.1319444444444446,42
3.1319520174482007,26
3.131964809384164,76
3.1319796954314723,34
3.131991051454139,86
3.132,34
3.132007233273056,41
3.1320182094081943,34
3.1320261437908496,31
3.13203214695752,27
3.1320368474923233,36
3.1320754716981134,418
3.1321160042964555,26
3.1321212121212123,36
3.132127955493741,33
3.132137030995106,33
3.1321499013806706,41
3.13215859030837,32
3.1321695760598502,70
3.132183908045977,38
3.1321897073662965,25
3.1322033898305084,115
3.1322207958921693,28
3.1322314049586777,60
3.1322436849925706,43
3.1322505800464038,31
3.132275132275132,206
3.1323003575685338,32
3.1323076923076925,36
3.1323210412147504,85
3.132332878581173,40
3.1323529411764706,114
3.132369299221357,30
3.1323763955342905,35
3.1323828920570267,24
3.132394366197183,75
3.132408575031526,36
3.132420091324201,68
3.132429614181439,33
3.132437619961612,44
3.1324503311258276,34
3.1324599708879184,37
3.1324675324675324,34
3.1324736225087926,30
3.1324786324786325,39
3.1325301204819276,556
3.132579650565262,33
3.1325842696629214,32
3.1325898389095417,30
3.132596685082873,29
3.1326053042121687,39
3.132616487455197,38
3.132631578947368,83
3.132641291810842,36
3.13265306122449,80
3.1326676176890156,37
3.132686084142395,115
3.132701421800948,38
3.1327102803738316,38
3.132720105124836,28
3.132725430597771,32
3.1327433628318584,183
3.1327649208282584,28
3.1327731092436975,46
3.132780082987552,30
3.1327913279132793,85
3.1328036322360955,30
3.1328125,43
3.132824427480916,29
3.1328320802005014,32
3.132837407013815,36
3.132867132867133,283
3.132897603485839,23
3.1329032258064515,37
3.132911392405063,34
3.132924335378323,69
3.132934131736527,30
3.132947976878613,76
3.1329608938547486,33
3.132969034608379,38
3.132978723404255,33
3.1329842931937173,34
3.1330049261083746,180
3.13302752293578,25
3.133034379671151,33
3.133047210300429,80
3.1330589849108366,39
3.1330645161290325,27
3.1330798479087454,136
3.133097762073027,29
3.1331058020477816,43
3.133113311331133,24
3.1331269349845203,121
3.13314447592068,34
3.133159268929504,69
3.1331719128329296,35
3.1331828442437923,74
3.1331923890063424,22
3.1332007952286283,33
3.133214920071048,35
3.13322632423756,38
3.1332357247437774,35
3.1332436069986542,33
3.133250311332503,30
3.1332560834298957,21
3.133261105092091,25
3.133265513733469,24
3.1333333333333333,788
3.1334002006018054,35
3.1334044823906084,40
3.1334093500570126,24
3.1334149326805387,32
3.1334214002642007,30
3.133428981348637,37
3.133437990580848,37
3.1334488734835357,40
3.133462282398453,40
3.13347022587269,29
3.1334792122538295,78
3.1334894613583137,32
3.133501259445844,89
3.1335149863760217,35
3.1335311572700295,78
3.1335436382754995,31
3.1335504885993486,30
3.133557800224467,37
3.1335740072202167,131
3.133592736705577,35
3.133603238866397,77
3.1336146272855134,36
3.1336206896551726,32
3.133640552995392,164
3.133663366336634,34
3.1336717428087986,43
3.133678756476684,30
3.1336898395721926,78
3.1337016574585634,30
3.133709981167608,35
3.133720930232558,40
3.1337278106508877,36
3.1337579617834397,292
3.133786848072562,26
3.133793103448276,27
3.1338028169014085,34
3.133810010214505,30
3.1338199513381997,82
3.133834586466165,42
3.133841131664853,20
3.1338582677165356,133
3.1338766006984864,34
3.133884297520661,40
3.1338912133891212,34
3.133903133903134,83
3.1339173967459324,32
3.1339285714285716,87
3.133937562940584,27
3.1339449541284403,35
3.133956386292835,34
3.1339648173207038,43
3.1339712918660285,30
3.1339764201500535,31
3.134020618556701,454
3.134065934065934,27
3.1340713407134073,26
3.1340782122905027,32
3.134087237479806,41
3.1340996168582373,42
3.1341077085533264,23
3.1341176470588237,75
3.134130146082337,31
3.1341463414634148,129
3.1341600901916573,28
3.1341681574239715,41
3.1341772151898732,43
3.134199134199134,186
3.1342200725513907,33
3.134228187919463,40
3.1342351716961496,29
3.1342465753424658,78
3.134259259259259,21
3.1342685370741483,73
3.1342812006319116,36
3.134289439374185,30
3.1342952275249725,33
3.1343283582089554,308
3.134358974358974,34
3.1343638525564805,30
3.1343705799151342,35
3.1343804537521813,35
3.134396355353075,72
3.1344086021505375,38
3.134426229508197,111
3.134443021766965,26
3.134453781512605,74
3.134466769706337,43
3.1344743276283618,35
3.134479271991911,31
3.134502923976608,247
3.1345291479820627,38
3.1345353675450762,33
3.1345454545454547,37
3.1345532831001077,27
3.134564643799472,77
3.1345755693581783,32
3.13458262350937,47
3.1345911949685537,35
3.1346153846153846,195
3.13463751438435,34
3.13464447806354,35
3.1346578366445916,73
3.134670487106017,35
3.134676564156946,41
3.1346938775510202,171
3.134715025906736,38
3.1347248576850095,33
3.134734239802225,33
3.1347517730496453,125
3.1347678369195924,24
3.13477537437604,33
3.134782608695652,23
3.134796238244514,140
3.134808853118712,34
3.1348148148148147,32
3.134831460674157,77
3.1348464619492655,37
3.1348600508905853,76
3.134872417982989,27
3.1348837209302327,74
3.1348940914158305,33
3.1349036402569594,91
3.1349124613800208,35
3.134920634920635,36
3.134935304990758,39
3.134948096885813,41
3.1349593495934958,34
3.1349693251533743,30
3.134978229317852,41
3.1349862258953167,26
3.134993446920052,37
3.135,27
3.1350059737156513,22
3.135011441647597,36
3.1350164654226127,27
3.1350210970464136,23
3.13502538071066,28
3.135135135135135,1379
3.1352459016393444,33
3.1352502662406816,39
3.1352549889135255,41
3.1352601156069366,24
3.135265700483092,30
3.1352718078381794,37
3.1352785145888595,35
3.1352859135285915,35
3.135294117647059,30
3.135303265940902,34
3.1353135313531353,37
3.1353251318101933,34
3.1353383458646618,35
3.1353535353535356,74
3.1353620146904513,38
3.1353711790393013,81
3.135381114903299,21
3.1353919239904986,70
3.1354037267080743,34
3.1354166666666665,69
3.1354309165526675,35
3.1354466858789625,68
3.1354642313546424,32
3.1354705274043435,33
3.1354838709677417,127
3.135498320268757,37
3.1355060034305318,38
3.135514018691589,37
3.1355311355311355,130
3.135549872122762,26
3.135559921414538,36
3.1355704697986577,36
3.1355759429153927,34
3.135593220338983,193
3.13561190738699,25
3.135618479880775,39
3.135632183908046,62
3.135646687697161,36
3.135654261704682,29
3.135678391959799,232
3.135699373695198,33
3.1357048748353096,32
3.1357142857142857,49
3.1357220412595006,19
3.1357340720221605,86
3.1357466063348416,25
3.135755258126195,40
3.1357664233576643,40
3.1357733175914992,30
3.1358024691358026,257
3.1358288770053475,32
3.1358344113842174,44
3.1358428805237315,42
3.1358574610244987,91
3.135869565217391,34
3.1358885017421603,128
3.135902636916836,29
3.135908440629471,32
3.1359223300970873,79
3.1359325605900947,25
3.1359404096834265,45
3.13595166163142,41
3.135959339263024,36
3.1359649122807016,23
3.136,355
3.1360332294911735,29
3.136038186157518,23
3.1360448807854135,33
3.1360544217687076,50
3.136069114470842,79
3.136079900124844,34
3.136094674556213,89
3.1361079865016874,31
3.1361161524500907,42
3.136125654450262,40
3.1361310133060387,32
3.136150234741784,183
3.1361702127659576,38
3.1361760660247593,30
3.1361867704280155,40
3.136196319018405,29
3.1362126245847177,109
3.136226034308779,26
3.136231884057971,38
3.1362467866323906,78
3.136258660508083,29
3.1362683438155137,89
3.136283185840708,32
3.1362940275650844,28
3.136302294197031,36
3.1363088057901085,25
3.1363140676117776,25
3.1363636363636362,517
3.1364124597207304,31
3.136417556346382,36
3.1364238410596026,32
3.136431784107946,45
3.1364421416234887,40
3.1364562118126273,72
3.1364653243847873,34
3.1364764267990073,76
3.136490250696379,34
3.1365079365079365,118
3.1365227537922986,37
3.1365313653136533,42
3.1365409622886866,36
3.1365461847389557,28
3.1365638766519823,180
3.1365853658536587,36
3.136593591905565,40
3.1366006256517207,35
3.1366120218579234,81
3.1366245694603903,25
3.1366336633663368,39
3.1366459627329193,35
3.136653895274585,32
3.1366594360086766,25
3.1366906474820144,322
3.136723163841808,26
3.136729222520107,32
3.1367380560131797,32
3.1367521367521367,84
3.136762860727729,32
3.13677811550152,132
3.1367924528301887,29
3.136801541425819,42
3.136812411847673,37
3.136818687430478,33
3.136842105263158,203
3.1368680641183726,24
3.136876006441224,33
3.136890951276102,71
3.136904761904762,33
3.1369112814895947,29
3.136929460580913,171
3.136950904392765,41
3.1369606003752346,33
3.136969696969697,31
3.136986301369863,127
3.1370010787486518,32
3.137007874015748,35
3.1370143149284253,34
3.1370262390670556,88
3.1370420624151967,31
3.1370558375634516,80
3.137067938021454,23
3.1370786516853935,84
3.1370882040382573,38
3.1370967741935485,76
3.137111517367459,46
3.137123745819398,36
3.13713405238829,38
3.137142857142857,34
3.137150466045273,33
3.13715710723192,31
3.1371629542790154,31
3.1371681415929205,33
3.13717277486911,33
3.1372549019607843,964
3.1373346897253307,34
3.1373390557939915,32
3.137343927355278,16
3.1373493975903615,26
3.1373555840821568,43
3.1373626373626373,24
3.137370753323486,42
3.137380191693291,45
3.137391304347826,35
3.1374045801526718,41
3.1374122367101305,28
3.1374207188160677,80
3.137430167597765,37
3.137440758293839,62
3.137452711223203,34
3.137466307277628,81
3.137481910274964,36
3.1375,121
3.1375137513751374,32
3.1375212224108657,47
3.1375291375291376,37
3.137546468401487,126
3.1375661375661377,34
3.137577002053388,78
3.1375886524822696,41
3.1375947995666307,24
3.1376146788990824,144
3.137637028014616,34
3.1376451077943615,28
3.1376518218623484,32
3.137662337662338,80
3.1376734258271077,29
3.13768115942029,40
3.1376912378303197,31
3.1376975169300225,33
3.1377245508982035,222
3.1377497371188223,25
3.1377551020408165,36
3.1377633711507293,34
3.137777777777778,93
3.1377899045020463,33
3.137809187279152,112
3.137823834196891,35
3.1378299120234603,41
3.137844611528822,88
3.137855579868709,32
3.137864077669903,38
3.1378763866877972,30
3.137884872824632,33
3.137891077636153,38
3.1378958120531153,34
3.1379310344827585,391
3.1379657603222557,28
3.137970353477765,28
3.137976346911958,37
3.137984496124031,32
3.1379962192816637,44
3.1380042462845013,35
3.138014527845036,86
3.1380281690140843,43
3.138047138047138,109
3.1380645161290324,39
3.1380753138075312,81
3.1380880121396055,32
3.138095238095238,25
3.138121546961326,234
3.138144329896907,43
3.138149556400507,34
3.138157894736842,34
3.1381733021077283,83
3.138187221396731,30
3.1381936887921653,26
3.138211382113821,173
3.1382316313823164,28
3.1382405745062836,43
3.1382488479262673,18
3.1382636655948555,120
3.1382765531062122,27
3.138282387190684,38
3.1382978723404253,70
3.138310893512852,33
3.1383219954648527,66
3.1383315733896517,28
3.1383399209486167,41
3.138353765323993,35
3.138364779874214,34
3.138373751783167,38
3.1383812010443863,48
3.138387484957882,31
3.138392857142857,36
3.138397502601457,35
3.1384615384615384,697
3.1385237613751262,30
3.1385281385281387,24
3.138533178114086,38
3.138539042821159,31
3.1385459533607682,20
3.13855421686747,38
3.1385642737896493,34
3.1385767790262173,31
3.138592750533049,70
3.138602520045819,23
3.1386138613861387,80
3.138627187079408,38
3.1386430678466075,92
3.138655462184874,32
3.1386623164763456,36
3.1386696730552424,32
3.1386861313868613,130
3.1387054161162484,30
3.1387163561076603,86
3.138728323699422,38
3.13873473917869,35
3.138755980861244,174
3.1387755102040815,35
3.138780804150454,40
3.1387900355871885,48
3.1387978142076505,35
3.138810198300283,89
3.1388235294117646,25
3.1388329979879277,76
3.138845553822153,34
3.1388535031847136,32
3.138858988159311,39
3.138888888888889,288
3.1389183457051963,33
3.1389236545682104,37
3.1389312977099237,31
3.1389432485322897,32
3.138952164009112,28
3.138964577656676,85
3.1389759665621733,30
3.1389830508474574,44
3.1389913899138993,24
3.1390134529147984,195
3.1390319258496397,37
3.1390374331550803,31
3.139047619047619,42
3.1390568319226118,32
3.1390728476821192,109
3.1390862944162436,25
3.1390922401171304,35
3.1391076115485563,68
3.1391200951248512,28
3.139130434782609,72
3.139139139139139,30
3.1391465677179964,48
3.1391585760517797,40
3.139167862266858,35
3.1391752577319587,37
3.1391812865497077,30
3.139186295503212,30
3.1392405063291138,558
3.139293139293139,36
3.1392978482446208,28
3.1393034825870645,29
3.139310344827586,23
3.1393188854489162,34
3.1393298059964727,30
3.139344262295082,74
3.1393534002229653,38
3.139364303178484,78
3.1393775372124493,27
3.139393939393939,129
3.1394072447859496,30
3.1394148020654047,41
3.139423076923077,32
3.139442231075697,136
3.1394594594594594,24
3.1394658753709197,34
3.1394799054373523,69
3.1394957983193277,36
3.139504563233377,48
3.1395101171459,29
3.13953488372093,225
3.1395592864637987,26
3.139564660691421,37
3.1395730706075535,37
3.139588100686499,63
3.1396011396011394,34
3.1396070320579113,38
3.139622641509434,136
3.1396396396396398,25
3.139646869983949,37
3.1396534148827726,34
3.1396648044692737,89
3.1396786155747836,26
3.139689578713969,77
3.1396984924623115,25
3.139705882352941,49
3.1397174254317113,34
3.1397260273972605,25
3.1397326852976915,29
3.1397379912663754,34
3.139784946236559,484
3.139830508474576,34
3.139835487661575,28
3.1398416886543536,22
3.1398496240601506,35
3.13986013986014,29
3.139874739039666,76
3.139884393063584,43
3.139896373056995,74
3.1399116347569955,44
3.139917695473251,38
3.1399317406143346,123
3.1399491094147582,35
3.1399594320486814,72
3.13997113997114,41
3.139977603583427,29
3.14,218
3.1400220507166483,29
3.14002828854314,44
3.1400394477317555,34
3.14004914004914,31
3.1400651465798046,133
3.1400832177531206,30
3.140096618357488,80
3.140106951871658,28
3.140115163147793,39
3.140127388535032,38
3.140136054421769,27
3.1401425178147266,24
3.1401475237091674,32
3.1401869158878504,432
3.140225179119754,28
3.1402298850574715,19
3.1402359108781126,35
3.1402439024390243,32
3.140255009107468,43
3.1402623612512612,38
3.1402714932126696,80
3.1402831402831404,34
3.1402985074626866,94
3.140311804008909,37
3.1403197158081704,46
3.140328697850822,33
3.1403508771929824,189
3.1403726708074533,23
3.1403812824956674,31
3.140388768898488,32
3.140401146131805,78
3.1404151404151404,29
3.1404255319148935,70
3.1404399323181047,38
3.140449438202247,43
3.140456182472989,34
3.140461215932914,27
3.1404958677685952,376
3.140529531568228,39
3.140534262485482,37
3.1405405405405404,30
3.1405492730210014,36
3.140562248995984,83
3.1405714285714286,24
3.140583554376658,69
3.140600315955766,24
3.140607424071991,28
3.140625,154
3.140642303433001,28
3.1406491499227203,30
3.1406649616368285,77
3.1406761177753544,28
3.140684410646388,44
3.140695915279879,36
3.14070351758794,29
3.140708915145005,34
3.140740740740741,320
3.1407716371220022,29
3.1407766990291264,23
3.1407837445573294,30
3.1407942238267146,33
3.1408016443987665,29
3.1408114558472553,72
3.140825035561878,37
3.1408308004052685,30
3.140845070422535,112
3.1408647140864714,38
3.140877598152425,73
3.140893470790378,37
3.140902872777018,23
3.140909090909091,31
3.140939597315436,261
3.140969162995595,32
3.1409749670619234,29
3.140983606557377,35
3.140997830802603,75
3.1410090556274257,25
3.141025641025641,117
3.1410419313850064,30
3.1410526315789475,84
3.1410658307210033,35
3.1410736579275906,37
3.141078838174274,38
3.1411042944785277,268
3.1411290322580645,34
3.141133896260555,31
3.141141141141141,32
3.1411530815109345,49
3.1411625148279954,16
3.1411764705882352,91
3.1411901983663943,24
3.141199226305609,33
3.1412103746397695,38
3.1412169919632604,27
3.1412429378531073,252
3.1412680756395996,37
3.141274238227147,37
3.141284403669725,44
3.141292442497262,33
3.141304347826087,81
3.141316073354908,31
3.1413237924865833,32
3.1413333333333333,24
3.141339001062699,22
3.141361256544503,205
3.1413828689370487,35
3.141388174807198,30
3.1413969335604772,33
3.141403865717192,33
3.1414141414141414,78
3.141424272818455,32
3.141430948419301,34
3.141439205955335,25
3.1414634146341465,178
3.1414868105515588,32
3.1414944356120826,37
3.141509433962264,68
3.141524105754277,34
3.1415313225058004,38
3.141552511415525,157
3.141573033707865,29
3.1415797317436662,37
3.1415929203539825,74
3.141605839416058,47
3.1416122004357296,32
3.1416309012875536,184
3.141649048625793,30
3.1416549789621318,44
3.1416666666666666,83
3.1416781292984868,25
3.141683778234086,23
3.1417004048582995,182
3.141721854304636,36
3.141732283464567,33
3.141742522756827,44
3.1417624521072796,126
3.1417816813048933,29
3.1417910447761193,42
3.1418002466091246,26
3.1418181818181816,123
3.141835518474374,27
3.141843971631206,40
3.141852286049238,28
3.141868512110727,119
3.1418842224744608,35
3.141891891891892,39
3.141899441340782,27
3.1419141914191417,111
3.1419284940411703,32
3.141935483870968,33
3.141942369263607,26
3.141955835962145,119
3.1419689119170986,43
3.1419753086419755,29
3.1419816138917263,26
3.1419939577039275,118
3.1420118343195265,40
3.1420289855072463,84
3.1420454545454546,43
3.1420612813370474,80
3.1420765027322406,25
3.1420911528150133,80
3.142105263157895,33
3.1421188630490957,67
3.1421319796954315,30
3.14214463840399,91
3.142156862745098,29
3.1421686746987953,83
3.1421800947867298,15
3.1421911421911424,65
3.1422018348623855,29
3.1422121896162527,77
3.1422222222222222,32
3.1422319474835887,78
3.1422413793103448,26
3.142250530785563,64
3.1422594142259412,28
3.1422680412371133,79
3.1422764227642275,32
3.1422845691382766,89
3.142300194931774,44
3.1423149905123338,44
3.142329020332717,49
3.142342342342342,33
3.142355008787346,31
3.142367066895369,34
3.1423785594639866,34
3.1423895253682486,35
3.1424,35
3.1424100156494523,32
3.1424196018376724,40
3.1424287856071964,27
3.142437591776799,37
3.1424460431654677,39
3.142454160789845,33
3.1424619640387275,36
3.1424694708276797,29
3.1424766977363516,24
3.142483660130719,30
3.142490372272144,30
3.14249684741488,34
3.1425030978934325,26
3.1425091352009744,33
3.1425149700598802,30
3.142520612485277,22
3.1425260718424104,38
3.142531356898518,35
3.142536475869809,28
3.1425414364640885,31
3.1425462459194775,35
3.142550911039657,33
3.1425554382259766,36
3.142559833506764,33
3.1425641025641027,28
3.142568250758342,36
3.142857142857143,3870
3.1431431431431434,32
3.1431472081218272,33
3.1431513903192583,36
3.143155694879833,26
3.1431601272534464,26
3.1431646932185147,21
3.1431693989071037,33
3.1431742508324083,30
3.1431792559188274,28
3.143184421534937,32
3.1431897555296855,22
3.143195266272189,20
3.1432009626955475,26
3.1432068543451654,28
3.1432129514321296,30
3.1432192648922688,27
3.1432258064516128,20
3.14323258869908,25
3.143239625167336,30
3.1432469304229196,24
3.1432545201668987,33
3.143262411347518,42
3.143270622286541,37
3.1432791728212703,40
3.143288084464555,33
3.143297380585516,35
3.1433070866141732,32
3.143317230273752,37
3.14332784184514,36
3.1433389544688026,34
3.143350604490501,30
3.1433628318584073,36
3.143375680580762,41
3.143389199255121,38
3.1434034416826004,36
3.143418467583497,37
3.1434343434343432,87
3.1434426229508197,31
3.1434511434511436,87
3.1434599156118144,30
3.143468950749465,73
3.143478260869565,35
3.143487858719647,73
3.1434977578475336,33
3.143507972665148,79
3.1435185185185186,37
3.143529411764706,71
3.1435406698564594,34
3.1435523114355233,72
3.1435643564356437,22
3.1435768261964734,84
3.1435897435897435,27
3.143603133159269,69
3.143617021276596,32
3.143631436314363,78
3.143646408839779,40
3.1436619718309857,82
3.1436781609195403,39
3.1436950146627565,86
3.143712574850299,33
3.143718592964824,40
3.143730886850153,128
3.143743536711479,37
3.14375,40
3.143756558237146,34
3.143769968051118,129
3.1437837837837836,39
3.1437908496732025,34
3.1437980241492864,33
3.1438127090301005,118
3.1438278595696487,35
3.143835616438356,35
3.143843498273878,42
3.143859649122807,115
3.1438763376932224,26
3.143884892086331,35
3.1438935912938333,25
3.143911439114391,136
3.143929912390488,30
3.143939393939394,42
3.1439490445859875,27
3.1439688715953307,139
3.1439894319682957,33
3.144,81
3.1440107671601614,29
3.1440162271805274,34
3.1440329218106995,181
3.144050104384134,27
3.144055944055944,38
3.1440677966101696,71
3.1440798858773182,34
3.1440860215053763,30
3.1441048034934496,178
3.1441241685144123,32
3.1441307578008915,37
3.144144144144144,77
3.1441578148710168,38
3.1441647597254003,38
3.144186046511628,162
3.144208037825059,20
3.144215530903328,39
3.144230769230769,69
3.1442463533225284,35
3.1442542787286065,28
3.144278606965174,198
3.144298688193744,35
3.1443037974683543,31
3.1443123938879456,31
3.1443193449334697,23
3.1443298969072164,64
3.1443406022845277,30
3.1443478260869564,33
3.1443569553805775,27
3.14436248682824,29
3.144385026737968,221
3.1444082519001086,32
3.1444141689373297,20
3.1444241316270567,45
3.1444321940463067,32
3.1444444444444444,81
3.144456886898096,30
3.144465290806754,42
3.144475920679887,43
3.1444823663253696,35
3.1445086705202314,233
3.144535840188014,26
3.144542772861357,41
3.1445544554455447,46
3.144563918757467,25
3.144578313253012,118
3.1445929526123937,29
3.144602851323829,82
3.144615384615385,30
3.1446229913473425,25
3.144628099173554,35
3.1446540880503147,282
3.1446808510638298,31
3.144686299615877,27
3.144694533762058,43
3.1447084233261338,81
3.1447196870925684,29
3.1447368421052633,115
3.144754316069057,31
3.1447661469933186,70
3.144781144781145,37
3.144790257104195,33
3.1447963800904977,39
3.1448275862068966,301
3.1448598130841123,28
3.1448663853727146,32
3.1448763250883394,32
3.144883485309017,34
3.1448931116389547,67
3.144906743185079,40
3.144912641315519,38
3.1449275362318843,118
3.144942648592284,27
3.1449487554904834,44
3.1449631449631448,75
3.1449735449735448,33
3.1449814126394053,46
3.1449925261584455,33
3.145,25
3.1450053705692804,34
3.145038167938931,302
3.1450719822812845,32
3.145077720207254,26
3.145085803432137,39
3.145098039215686,40
3.1451068616422946,33
3.1451187335092348,83
3.145135566188198,36
3.145142857142857,42
3.1451612903225805,195
3.1451800232288036,27
3.1451876019575855,35
3.14519427402863,27
3.1452054794520548,78
3.145218417945691,24
3.145228215767635,84
3.1452420701168613,34
3.1452513966480447,33
3.1452581032412965,26
3.1452631578947368,27
3.1452991452991452,388
3.1453362255965294,32
3.1453416149068323,34
3.145348837209302,46
3.1453590192644483,39
3.145374449339207,77
3.145385587863464,27
3.14540059347181,91
3.145413870246085,32
3.1454219030520645,35
3.145431145431145,20
3.1454363089267803,38
3.1454545454545455,172
3.145473041709054,24
3.145478374836173,29
3.14548802946593,42
3.1454965357967666,35
3.1455108359133126,133
3.145527369826435,29
3.1455399061032865,73
3.1455497382198954,34
3.145557655954631,43
3.1455696202531644,46
3.145578231292517,21
3.1455847255369926,29
3.1455897980871415,36
3.145631067961165,407
3.1456736035049286,28
3.145679012345679,28
3.1456859971711455,36
3.1456953642384105,39
3.1457085828343314,48
3.1457174638487206,29
3.1457286432160805,75
3.145743145743146,37
3.145748987854251,36
3.145762711864407,133
3.1457800511508953,27
3.1457905544147846,87
3.14580265095729,35
3.145809414466131,38
3.1458333333333335,200
3.14585764294049,25
3.1458646616541355,34
3.145877378435518,73
3.145888594164456,30
3.1459074733096086,115
3.1459227467811157,33
3.1459293394777266,34
3.145945945945946,80
3.145958986731001,35
3.1459694989106755,65
3.145985401459854,41
3.1459968602825747,42
3.1460055096418733,37
3.1460122699386504,29
3.146017699115044,32
3.1460221550855993,31
3.146067415730337,516
3.1461139896373056,20
3.146118721461187,47
3.1461245235069883,30
3.146131805157593,45
3.1461412151067325,36
3.146153846153846,37
3.146161934805468,22
3.1461716937354987,75
3.146183699870634,31
3.146198830409357,87
3.146211312700107,38
3.146218487394958,36
3.1462264150943398,29
3.1462450592885376,140
3.14626218851571,34
3.1462686567164178,36
3.146282973621103,72
3.1462925851703405,40
3.1462994836488813,24
3.1463087248322146,37
3.1463146314631465,33
3.1463414634146343,265
3.1463687150837987,32
3.146374829001368,24
3.146384479717813,42
3.1463917525773195,29
3.1464019851116625,90
3.146417445482866,33
3.1464245175936436,37
3.1464435146443517,166
3.1464646464646466,29
3.146473779385172,43
3.146482122260669,36
3.1464968152866244,129
3.14651493598862,40
3.146529562982005,67
3.1465416178194605,26
3.146551724137931,72
3.146567717996289,38
3.1465798045602607,34
3.146589259796807,45
3.1465968586387434,28
3.1466030989272946,32
3.1466083150984683,22
3.146612740141557,39
3.1466666666666665,632
3.1467221644120706,23
3.146726862302483,36
3.1467324290998766,36
3.1467391304347827,24
3.146747352496218,33
3.1467576791808876,30
3.146771037181996,44
3.146779303062302,27
3.146788990825688,86
3.1468005018820575,28
3.146814404432133,80
3.1468315301391034,38
3.1468381564844585,36
3.1468531468531467,119
3.1468710089399745,29
3.1468812877263583,92
3.146892655367232,33
3.14689880304679,35
3.146919431279621,192
3.146938775510204,28
3.1469440832249673,27
3.1469534050179213,39
3.146961325966851,29
3.1469740634005765,97
3.146987951807229,31
3.1469979296066253,73
3.147011308562197,31
3.147019867549669,27
3.1470258136924802,31
3.1470588235294117,319
3.14709236031927,35
3.147098515519568,28
3.147107438016529,39
3.1471215351812365,84
3.14713216957606,29
3.1471471471471473,120
3.1471610660486675,25
3.147169811320755,45
3.1471801925722147,33
3.1471861471861473,34
3.1472081218274113,202
3.147232037691402,31
3.147239263803681,37
3.147252747252747,76
3.14726507713885,28
3.1472708547888772,23
3.147286821705426,135
3.147305389221557,32
3.147313691507799,34
3.1473214285714284,31
3.147335423197492,122
3.1473533619456364,42
3.1473684210526316,81
3.1473812423873326,31
3.147392290249433,81
3.147401908801697,29
3.147410358565737,40
3.1474245115452932,27
3.1474358974358974,37
3.1474452554744525,33
3.1474530831099194,34
3.147459727385378,33
3.1474654377880182,31
3.147470398277718,39
3.1474747474747473,34
3.1475409836065573,782
3.1476091476091477,22
3.1476137624861265,32
3.1476190476190475,28
3.147625160462131,19
3.147632311977716,29
3.147640791476408,43
3.1476510067114094,36
3.147663551401869,44
3.147679324894515,65
3.1476888387824125,33
3.1476997578692494,85
3.1477124183006535,27
3.147727272727273,86
3.147738693467337,32
3.1477449455676516,31
3.147751605995717,39
3.147766323024055,117
3.147783251231527,30
3.147792706333973,38
3.14780292942743,37
3.147808358817533,25
3.1478260869565218,169
3.147846332945285,24
3.14785373608903,41
3.1478696741854635,64
3.1478800413650467,18
3.147887323943662,34
3.1478968792401627,26
3.1479028697571745,39
3.1479289940828403,237
3.147953830010493,20
3.1479591836734695,28
3.1479674796747967,29
3.1479820627802693,62
3.147994467496542,30
3.148,36
3.148014440433213,131
3.1480298189563367,33
3.1480362537764353,36
3.148051948051948,71
3.1480637813211847,31
3.1480730223123734,90
3.1480865224625623,42
3.148095909732017,34
3.1481028151774786,34
3.148108108108108,31
3.1481481481481484,408
3.1481888035126233,33
3.148194271481943,36
3.148201438848921,39
3.148211243611584,36
3.1482254697286014,74
3.1482352941176472,31
3.1482479784366575,79
3.1482649842271293,45
3.148272017837235,31
3.1482889733840302,113
3.1483050847457625,29
3.1483113069016153,40
3.148325358851675,65
3.148335015136226,33
3.148342059336824,35
3.1483516483516483,30
3.148357870894677,36
3.1483870967741936,237
3.148413510747185,36
3.148418491484185,36
3.1484257871064467,41
3.1484375,46
3.148446490218642,30
3.1484593837535013,73
3.148471615720524,25
3.148479427549195,40
3.1484888304862024,33
3.1484942886812046,24
3.1485148514851486,180
3.1485380116959063,22
3.1485451761102605,34
3.1485587583148558,67
3.1485714285714286,43
3.148577449947313,30
3.1485943775100402,183
3.1486146095717884,22
3.148623853211009,41
3.1486325802615935,32
3.1486486486486487,123
3.148663101604278,38
3.1486697965571206,42
3.1486761710794298,29
3.1486880466472305,90
3.148703956343793,21
3.1487179487179486,67
3.1487303506650544,37
3.148741418764302,83
3.1487513572204127,32
3.1487603305785123,63
3.1487758945386064,41
3.14878892733564,33
3.1488,38
3.1488095238095237,40
3.148817802503477,29
3.1488250652741514,26
3.148831488314883,30
3.1488372093023256,26
3.1488423373759646,37
3.148846960167715,22
3.148936170212766,1048
3.149023638232271,21
3.14902807775378,31
3.149032992036405,36
3.1490384615384617,34
3.1490445859872613,26
3.149051490514905,27
3.149059334298119,32
3.1490683229813663,30
3.1490787269681744,37
3.149090909090909,35
3.1491053677932404,42
3.1491136600625653,26
3.1491228070175437,83
3.1491329479768786,29
3.1491442542787285,90
3.1491569390402074,25
3.149171270718232,77
3.1491875923190547,37
3.149193548387097,33
3.149206349206349,128
3.1492204899777283,31
3.1492281303602057,26
3.1492361927144534,30
3.1492537313432836,125
3.1492734478203435,33
3.149284253578732,77
3.149295774647887,36
3.1493018259935552,29
3.1493212669683257,158
3.149342891278375,29
3.1493506493506493,35
3.149367088607595,73
3.1493775933609958,29
3.149384885764499,35
3.149394347240915,31
3.149400218102508,26
3.1494252873563218,238
3.1494483450351054,32
3.149453219927096,35
3.1494607087827426,40
3.1494736842105264,68
3.149484536082474,28
3.1495016611295683,128
3.149519890260631,29
3.149532710280374,69
3.1495422177009154,35
3.1495495495495494,38
3.1495601173020527,43
3.149567367119901,31
3.1495726495726495,34
3.1496062992125986,340
3.149638802889577,15
3.1496437054631827,36
3.14965034965035,32
3.1496598639455784,38
3.1496746203904555,62
3.149685534591195,25
3.1497005988023954,83
3.149714285714286,35
3.1497227356746764,37
3.1497326203208558,39
3.149738219895288,25
3.1497584541062804,180
3.149779735682819,37
3.149786019971469,40
3.1497975708502026,79
3.149807938540333,19
3.1498257839721253,109
3.1498405951115833,28
3.149847094801223,33
3.1498637602179835,69
3.14987714987715,33
3.149888143176734,61
3.1498973305954827,20
3.1499051233396584,38
3.1499176276771004,36
3.1499272197962154,30
3.14993481095176,23
3.1499409681227863,32
3.149946062567422,33
3.15,564
