pi-val,count
3.12,982
3.1200807265388497,27
3.120085015940489,25
3.1200897867564534,30
3.1200951248513675,32
3.120101137800253,37
3.1201079622132255,30
3.1201157742402317,36
3.1201248049921997,37
3.1201353637901863,25
3.120147874306839,34
3.120162932790224,67
3.1201716738197427,29
3.120181405895692,69
3.1201923076923075,31
3.1202046035805626,77
3.120218579234973,31
3.1202346041055717,92
3.120246659815005,19
3.1202531645569622,39
3.1202600216684724,30
3.120274914089347,127
3.120291616038882,27
3.1203007518796992,39
3.1203104786545923,29
3.120331950207469,182
3.1203501094091903,32
3.1203566121842496,25
3.1203703703703702,84
3.120385232744783,42
3.1203931203931203,34
3.1204188481675392,209
3.1204419889502764,22
3.1204481792717087,39
3.120458891013384,38
3.1204678362573097,27
3.1204819277108435,110
3.120496894409938,32
3.120507399577167,67
3.1205211726384365,37
3.1205298013245035,30
3.1205357142857144,33
3.120567375886525,316
3.12059765208111,24
3.120603015075377,33
3.120610687022901,39
3.1206225680933852,51
3.1206313416009017,26
3.1206434316353886,90
3.1206543967280163,22
3.1206611570247933,31
3.120669056152927,38
3.1206896551724137,172
3.1207115628970774,31
3.120720720720721,52
3.120728929384966,34
3.1207430340557276,99
3.1207598371777476,24
3.1207729468599035,85
3.120783460282916,31
3.120792079207921,31
3.120805369127517,33
3.120815138282387,28
3.120822622107969,28
3.1208285385500574,28
3.120833333333333,28
3.120879120879121,484
3.120925341745531,31
3.1209302325581394,28
3.120936280884265,28
3.1209439528023597,33
3.1209540034071552,30
3.120967741935484,70
3.120976692563818,35
3.1209876543209876,78
3.121001390820584,35
3.121019108280255,97
3.1210340775558167,31
3.1210428305400373,33
3.1210526315789475,32
3.121057985757884,23
3.1210762331838566,164
3.1210986267166043,31
3.121107266435986,37
3.1211146838156485,25
3.12112676056338,98
3.121140142517815,39
3.1211498973305956,58
3.121163166397415,34
3.1211717709720372,30
3.121177802944507,24
3.121212121212121,335
3.1212435233160623,25
3.12124849939976,34
3.1212553495007134,34
3.1212653778558876,45
3.1212814645308926,83
3.1212938005390836,31
3.121311475409836,109
3.1213282247765006,31
3.1213389121338913,64
3.121351766513057,43
3.121359223300971,30
3.1213640922768304,27
3.121387283236994,233
3.121412803532009,24
3.121418826739427,29
3.1214285714285714,44
3.1214361140443505,21
3.1214470284237725,76
3.1214574898785425,19
3.1214642262895174,30
3.121472392638037,28
3.121495327102804,194
3.121516164994426,41
3.121522693997072,37
3.121535181236674,64
3.1215469613259668,47
3.121552604698672,18
3.1215686274509804,141
3.1215880893300247,31
3.1215970961887476,33
3.1216056670602126,42
3.1216216216216215,122
3.1216361679224973,31
3.1216429699842023,29
3.1216494845360825,22
3.121661721068249,75
3.1216783216783215,33
3.121693121693122,85
3.1217063989962357,32
3.1217183770883055,85
3.1217292377701935,29
3.121739130434783,80
3.121748178980229,28
3.121756487025948,40
3.121771217712177,38
3.1217838765008574,33
3.121794871794872,36
3.1218045112781954,35
3.121813031161473,37
3.1218206157965196,33
3.1218274111675126,32
3.1218335343787698,32
3.12183908045977,31
3.1218441273326016,37
3.1218487394957983,27
3.121852970795569,29
3.1219512195121952,1204
3.1220512820512822,20
3.1220556745182013,26
3.122060470324748,40
3.1220657276995305,34
3.1220715166461157,28
3.122077922077922,26
3.122085048010974,31
3.122093023255814,32
3.1221020092735703,36
3.122112211221122,33
3.1221238938053095,45
3.122137404580153,37
3.122153209109731,55
3.1221621621621622,32
3.1221719457013575,71
3.1221826809015423,35
3.1221945137157108,76
3.1222076215505914,40
3.1222222222222222,95
3.122238586156112,29
3.1222444889779557,28
3.122257053291536,122
3.1222707423580784,28
3.1222780569514237,34
3.1222857142857143,27
3.1223021582733814,123
3.1223203026481716,29
3.122330097087379,46
3.122340425531915,32
3.122345803842265,24
3.1223628691983123,144
3.1223814773980156,28
3.1223880597014926,33
3.1224018475750577,83
3.12241653418124,33
3.1224242424242425,29
3.122448979591837,207
3.1224707135250265,28
3.1224764468371466,33
3.1224862888482634,30
3.1224944320712695,33
3.1225071225071224,93
3.122520420070012,37
3.122529644268775,32
3.122541603630862,27
3.122549019607843,33
3.122554067971164,25
3.1225806451612903,254
3.1226096737907763,33
3.122615803814714,24
3.1226252158894647,41
3.1226415094339623,90
3.1226551226551225,28
3.1226611226611225,28
3.1226765799256504,115
3.1226927252985885,30
3.1226993865030677,39
3.122715404699739,94
3.1227272727272726,30
3.1227364185110664,66
3.1227495908346974,29
3.1227586206896554,36
3.1227651966626935,41
3.122770199370409,26
3.1228070175438596,417
3.122842639593909,22
3.1228473019517797,30
3.1228533685601056,41
3.1228615863141522,35
3.122873345935728,40
3.1228813559322033,19
3.1228915662650603,74
3.122905027932961,33
3.122923588039867,120
3.122940430925222,28
3.122950819672131,58
3.122962962962963,32
3.1229698375870067,38
3.122994652406417,221
3.123020706455542,24
3.1230283911671926,33
3.1230425055928412,71
3.123055162659123,36
3.1230610134436403,22
3.123076923076923,139
3.123094958968347,34
3.123102866779089,30
3.123110151187905,33
3.123123123123123,122
3.1231393775372123,29
3.123152709359606,81
3.1231638418079095,26
3.1231732776617953,62
3.1231884057971016,35
3.1232,33
3.1232091690544412,36
3.1232166018158236,26
3.123222748815166,35
3.123227917121047,24
3.1232323232323234,26
3.1232876712328768,643
3.123343527013252,16
3.1233480176211454,30
3.1233532934131736,32
3.1233595800524934,39
3.123367198838897,31
3.1233766233766236,39
3.123388581952118,41
3.123404255319149,67
3.1234140715109575,31
3.123425692695214,93
3.1234396671289875,35
3.123456790123457,100
3.1234705228031148,36
3.123478260869565,34
3.123486682808717,31
3.1235059760956174,137
3.1235230934479055,26
3.123529411764706,33
3.1235431235431235,87
3.1235584843492585,30
3.123566878980892,25
3.1235721703011423,24
3.1235955056179776,217
3.1236180904522612,31
3.123623011015912,34
3.1236306729264474,46
3.123644251626898,72
3.1236559139784945,35
3.1236749116607774,136
3.1236897274633124,22
3.1236959761549925,33
3.1237113402061856,81
3.1237230419977298,32
3.123732251521298,67
3.1237458193979935,35
3.12375533428165,32
3.123762376237624,27
3.1237677984665937,31
3.123809523809524,394
3.1238485158648923,19
3.123853211009174,25
3.123859191655802,26
3.123867069486405,32
3.1238779174147218,48
3.1238938053097347,78
3.1239048811013768,27
3.123919308357349,81
3.123931623931624,30
3.1239388794567065,38
3.1239470517448855,26
3.12396694214876,169
3.1239860950173814,34
3.1239935587761676,34
3.124,34
3.12401055408971,91
3.124022346368715,32
3.124031007751938,49
3.124042879019908,43
3.1240506329113926,28
3.1240560949298812,28
3.124087591240876,292
3.124117053481332,22
3.1241217798594847,35
3.1241283124128314,34
3.1241379310344826,38
3.124153498871332,75
3.1241655540720963,41
3.1241830065359477,113
3.1241997439180538,31
3.1242105263157893,78
3.124223602484472,32
3.124231242312423,31
3.124236252545825,18
3.1242603550295858,219
3.1242873432155074,23
3.1242937853107344,33
3.12430426716141,33
3.1243124312431245,28
3.1243243243243244,88
3.124335812964931,25
3.1243432574430825,47
3.1243523316062176,29
3.1243576567317572,21
3.1243781094527363,181
3.124401913875598,38
3.1244094488188976,33
3.1244239631336406,87
3.1244377811094455,30
3.1244444444444444,32
3.124463519313305,164
3.12448132780083,28
3.124487004103967,29
3.1244979919678717,78
3.124508519003932,38
3.1245283018867926,132
3.124546553808948,35
3.1245551601423487,47
3.1245634458672877,44
3.1245791245791246,124
3.124593716143012,25
3.1246006389776357,29
3.1246073298429318,23
3.1246200607902734,93
3.1246376811594203,25
3.1246537396121883,94
3.1246684350132625,42
3.1246819338422394,86
3.1246943765281174,31
3.124705882352941,93
3.124716553287982,30
3.12472647702407,67
3.124735729386892,25
3.1247443762781186,63
3.124760076775432,38
3.124773960216998,36
3.124786324786325,33
3.124797406807131,39
3.1248073959938365,35
3.1248164464023493,32
3.1248246844319776,37
3.124832214765101,33
3.124839124839125,28
3.1248454882571077,25
3.1248513674197382,39
3.124856815578465,25
3.124861878453039,36
3.1248665955176094,29
3.1248710010319916,33
3.125,1582
3.1251271617497456,21
3.125131440588854,26
3.1251360174102287,30
3.125140924464487,29
3.1251461988304094,43
3.1251518833535843,39
3.125158027812895,28
3.1251646903820816,47
3.125171939477304,33
3.125179856115108,35
3.125188536953243,36
3.1251980982567353,31
3.1252086811352253,38
3.125220458553792,53
3.1252336448598133,30
3.125248508946322,35
3.1252566735112937,19
3.1252653927813165,72
3.1252747252747253,29
3.1252847380410023,78
3.1252955082742315,35
3.1253071253071254,81
3.125319693094629,30
3.1253333333333333,105
3.1253481894150417,34
3.1253644314868803,98
3.1253761283851555,38
3.125382262996942,38
3.1253886010362693,29
3.12540192926045,119
3.125416204217536,28
3.1254237288135593,45
3.1254315304948217,40
3.1254480286738353,142
3.125465838509317,29
3.1254752851711025,36
3.1254851228978007,30
3.125506072874494,175
3.1255230125523012,22
3.1255289139633287,30
3.1255411255411256,65
3.1255539143279174,28
3.125560538116592,27
3.125581395348837,200
3.1256038647342996,31
3.1256117455138663,31
3.1256281407035176,96
3.125638406537283,25
3.125645438898451,41
3.1256544502617802,42
3.125659978880676,30
3.1256830601092895,209
3.1257078142695356,31
3.125714285714286,32
3.125725338491296,45
3.125734430082256,47
3.125748502994012,86
3.1257631257631258,26
3.1257731958762887,74
3.1257861635220126,36
3.1257941550190598,31
3.1257995735607675,28
3.1258278145695364,293
3.125858123569794,19
3.1258644536652835,31
3.125874125874126,44
3.1258811681772407,22
3.125890736342043,86
3.125904486251809,28
3.1259105098855358,25
3.1259259259259258,110
3.125941872981701,34
3.125948406676783,25
3.125964010282776,84
3.1259754738015606,32
3.125984251968504,31
3.1259968102073366,28
3.1260053619302948,33
3.126011560693642,29
3.1260162601626016,20
3.1260504201680672,352
3.126086956521739,34
3.126092384519351,27
3.126099706744868,28
3.1261101243339255,46
3.126126126126126,68
3.126137841352406,23
3.126153846153846,94
3.1261682242990654,38
3.1261770244821094,36
3.1261872455902306,31
3.1261930010604453,29
3.1262135922330097,182
3.1262349066959385,26
3.126241134751773,36
3.12625250501002,79
3.1262626262626263,32
3.1262798634812285,122
3.1262939958592133,34
3.12630014858841,34
3.126315789473684,100
3.126328217237308,37
3.126338329764454,75
3.1263537906137184,31
3.126365054602184,39
3.1263736263736264,38
3.1263803680981597,27
3.1263858093126387,37
3.12639029322548,27
3.1264367816091956,569
3.1264864864864865,25
3.126491646778043,33
3.1264980026631157,38
3.1265060240963853,39
3.1265164644714036,39
3.126530612244898,76
3.1265397536394177,23
3.1265508684863526,84
3.1265646731571626,38
3.1265822784810124,107
3.126596980255517,43
3.126605504587156,42
3.1266149870801034,31
3.126637554585153,160
3.126658624849216,22
3.1266666666666665,35
3.126673532440783,26
3.1266846361185983,96
3.1266968325791855,29
3.1267056530214425,38
3.1267175572519084,36
3.1267252195734003,37
3.126730564430245,21
3.1267605633802815,342
3.1267916207276736,30
3.126797385620915,35
3.1268057784911716,33
3.126819126819127,65
3.126829268292683,30
3.1268436578171093,78
3.126857142857143,22
3.126865671641791,32
3.1268758526603,32
3.1268817204301076,35
3.1269035532994924,235
3.1269276393831555,40
3.126934984520124,41
3.1269487750556793,82
3.1269614835948647,35
3.1269674711437565,25
3.126984126984127,147
3.127003699136868,27
3.1270125223613596,51
3.1270207852193996,34
3.1270358306188926,116
3.127049180327869,20
3.1270553064275037,34
3.1270718232044197,79
3.1270860077021823,28
3.1270983213429258,68
3.12710911136108,28
3.1271186440677967,82
3.1271271271271273,35
3.127134724857685,34
3.127147766323024,45
3.1271585557299844,38
3.1271676300578033,33
3.1271753681392234,41
3.1271820448877805,27
3.127187864644107,37
3.1271929824561404,28
3.127197518097208,35
3.1272727272727274,896
3.127348643006263,26
3.1273532668881505,34
3.1273584905660377,38
3.1273644388398485,39
3.127371273712737,38
3.1273792093704245,27
3.127388535031847,31
3.1273996509598603,44
3.1274131274131274,47
3.127420998980632,34
3.127429805615551,65
3.12743972445465,38
3.127450980392157,89
3.1274638633377134,44
3.1274787535410766,95
3.1274961597542243,32
3.1275026343519494,40
3.12751677852349,116
3.1275327771156136,32
3.1275415896487986,35
3.127551020408163,31
3.1275720164609053,162
3.127589967284624,32
3.1275964391691393,35
3.1276102088167055,85
3.127625201938611,31
3.127633209417596,30
3.127638190954774,33
3.127659574468085,235
3.127683615819209,30
3.1276901004304163,39
3.1277013752455796,32
3.127710843373494,26
3.127725856697819,117
3.127741935483871,29
3.1277533039647576,68
3.1277683134582626,39
3.1277777777777778,35
3.12778429073857,41
3.127789046653144,27
3.1278195488721803,321
3.127853881278539,29
3.1278600269179004,34
3.1278688524590166,41
3.1278825995807127,80
3.1278928136419,35
3.127906976744186,93
3.1279199110122358,37
3.127927927927928,32
3.1279373368146213,36
3.127942681678608,25
3.1279620853080567,197
3.1279826464208242,35
3.1279887482419126,34
3.128,87
3.1280101394169835,40
3.1280276816608996,130
3.128042328042328,30
3.1280487804878048,41
3.128065395095368,95
3.12807881773399,38
3.1280898876404493,81
3.128099173553719,32
3.12810707456979,39
3.1281198003327786,40
3.1281296023564065,29
3.1281373844121534,43
3.1281437125748504,24
3.128148959474261,25
3.1281533804238144,32
3.128205128205128,619
3.1282586027111576,31
3.1282633371169126,29
3.12826899128269,34
3.1282758620689655,28
3.1282843894899535,40
3.1282952548330405,46
3.1283095723014256,84
3.1283185840707963,30
3.128329297820823,88
3.128342245989305,43
3.1283582089552238,77
3.128371089536138,34
3.1283783783783785,47
3.1283863368669023,34
3.1284046692607004,132
3.128421052631579,28
3.1284271284271283,39
3.128440366972477,98
3.1284552845528455,36
3.1284634760705288,36
3.12846865364851,26
3.1284916201117317,208
3.1285140562248994,35
3.128518971848225,33
3.128526645768025,36
3.128540305010893,58
3.1285520974289582,39
3.1285714285714286,120
3.128586609989373,38
3.128593040847201,33
3.1286089238845145,89
3.1286210892236386,32
3.128630705394191,70
3.1286449399656946,43
3.128654970760234,27
3.128662420382166,38
3.128668171557562,30
3.1286727456940224,28
3.128712871287129,448
3.128755364806867,36
3.1287605294825513,32
3.128767123287671,39
3.1287758346581875,35
3.128787878787879,28
3.1287958115183248,37
3.128805620608899,88
3.1288180610889773,42
3.128834355828221,105
3.1288483466362598,29
3.128856624319419,37
3.1288659793814433,24
3.128888888888889,188
3.1289111389236544,35
3.1289198606271778,44
3.1289274106175515,38
3.128939828080229,84
3.1289537712895377,39
3.1289640591966172,82
3.1289782244556115,38
3.128987517337032,35
3.1289940828402365,34
3.128998968008256,23
3.129032258064516,365
3.1290684624017957,33
3.1290743155149934,38
3.1290824261275274,36
3.1290944123314066,45
3.1291028446389495,34
3.1291139240506327,94
3.129129129129129,31
3.1291355389541087,39
3.129151291512915,129
3.129166666666667,33
3.1291727140783743,31
3.1291866028708135,67
3.1291963377416074,36
3.129203539823009,47
3.1292134831460676,36
3.1292200232828873,32
3.129251700680272,288
3.129281767955801,27
3.129287598944591,41
3.1292962356792144,42
3.1293103448275863,77
3.1293213828425097,33
3.1293375394321767,107
3.129353233830846,31
3.1293634496919918,78
3.1293759512937593,43
3.129383313180169,32
3.1293881644934802,36
3.1294117647058823,220
3.129438717067583,38
3.1294452347083928,42
3.1294559099437147,36
3.1294642857142856,30
3.1294765840220387,93
3.129488574537541,27
3.129496402877698,36
3.129506008010681,42
3.129511677282378,37
3.1295336787564767,217
3.1295546558704452,24
3.129559748427673,39
3.129568106312292,39
3.12958435207824,91
3.1296,38
3.1296076099881094,26
3.1296296296296298,197
3.1296505073280723,28
3.1296572280178836,33
3.1296703296703297,61
3.1296829971181555,39
3.129689174705252,33
3.1297071129707112,174
3.129724208375894,29
3.1297297297297297,38
3.129740518962076,46
3.1297509829619923,34
3.1297709923664123,151
3.129789864029666,38
3.129798903107861,40
3.1298076923076925,38
3.1298245614035087,136
3.129840546697039,26
3.1298482293423273,45
3.1298557158712543,41
3.1298701298701297,114
3.129883843717001,35
3.1298904538341157,37
3.129896907216495,23
3.1299093655589125,119
3.12992700729927,35
3.1299435028248586,89
3.1299589603283176,40
3.129973474801061,88
3.12998712998713,33
3.13,87
3.130012150668287,34
3.1300236406619386,92
3.1300345224395856,28
3.1300448430493275,73
3.130054644808743,30
3.1300639658848612,78
3.130072840790843,35
3.130081300813008,85
3.130097087378641,40
3.130111524163569,32
3.1301247771836005,40
3.1301369863013697,42
3.1301482701812193,49
3.13015873015873,32
3.1301684532924963,37
3.1301775147928996,33
3.1301859799713876,37
3.1301939058171744,34
3.1302013422818793,39
3.1302083333333335,38
3.1302149178255374,36
3.13022113022113,33
3.130227001194743,26
3.130232558139535,27
3.130237825594564,28
3.130242825607064,25
3.1302475780409043,31
3.130252100840336,39
3.1302564102564103,34
3.130260521042084,37
3.130434782608696,2337
3.130612244897959,31
3.130616509926855,38
3.1306209850107067,38
3.1306256860592754,28
3.130630630630631,34
3.130635838150289,31
3.130641330166271,32
3.1306471306471306,37
3.130653266331658,34
3.130659767141009,33
3.1306666666666665,37
3.130674002751032,36
3.1306818181818183,41
3.130690161527166,34
3.1306990881458967,45
3.130708661417323,41
3.130718954248366,44
3.130730050933786,40
3.1307420494699647,43
3.130755064456722,39
3.1307692307692307,40
3.130784708249497,82
3.130792996910402,26
3.130801687763713,79
3.130810810810811,37
3.130820399113082,75
3.130830489192264,30
3.130841121495327,71
3.1308523409363747,35
3.130864197530864,95
3.130876747141042,44
3.130890052356021,84
3.1309041835357623,34
3.13091922005571,86
3.130935251798561,37
3.130952380952381,87
3.130964467005076,46
3.130970724191063,34
3.130977130977131,39
3.130990415335463,131
3.131004366812227,36
3.131011608623549,37
3.1310190369540876,39
3.1310344827586207,129
3.1310507674144037,31
3.1310592459605027,39
3.1310679611650487,38
3.1310861423220975,131
3.1311053984575836,41
3.131115459882583,36
3.1311258278145697,33
3.131131131131131,36
3.1311475409836067,181
3.131164742917104,44
3.1311706629055007,35
3.131182795698925,69
3.131195335276968,41
3.131201764057332,25
3.1312217194570136,174
3.1312427409988386,24
3.13125,33
3.1312649164677806,83
3.1312803889789302,36
3.1312883435582823,40
3.1313131313131315,246
3.1313340227507758,25
3.1313394018205463,45
3.1313485113835378,42
3.1313559322033897,42
3.131367292225201,99
3.1313789359391966,21
3.1313868613138687,40
3.131396957123098,37
3.131403118040089,24
3.1314285714285712,228
3.131455399061033,24
3.1314623338257017,31
3.1314741035856573,49
3.1314837153196624,41
3.1314984709480123,131
3.13151364764268,38
3.1315240083507305,83
3.131537242472266,40
3.13154533844189,38
3.1315508021390372,39
3.1315789473684212,271
3.1316085489313834,33
3.1316146540027137,47
3.1316239316239316,49
3.131639722863741,74
3.1316526610644257,27
3.1316582914572866,31
3.131672597864769,116
3.1316872427983538,28
3.1316931982633864,43
3.131707317073171,96
3.131717597471022,36
3.131725417439703,36
3.1317365269461077,33
3.1317440401505645,31
3.1317494600431965,43
3.131782945736434,347
3.131818181818182,32
3.131824234354194,41
3.1318327974276525,30
3.13184584178499,89
3.131855309218203,33
3.131868131868132,97
3.1318795430944966,34
3.1318864774624373,41
3.13189448441247,37
3.1319148936170214,175
3.13193588162762,42
3.1319444444444446,47
3.1319520174482007,32
3.131964809384164,91
3.1319796954314723,44
3.131991051454139,88
3.132,33
3.132007233273056,39
3.1320182094081943,48
3.1320261437908496,39
3.13203214695752,27
3.1320368474923233,37
3.1320754716981134,412
3.1321160042964555,33
3.1321212121212123,33
3.132127955493741,34
3.132137030995106,42
3.1321499013806706,48
3.13215859030837,27
3.1321695760598502,95
3.132183908045977,36
3.1321897073662965,30
3.1322033898305084,123
3.1322207958921693,45
3.1322314049586777,81
3.1322436849925706,41
3.1322505800464038,28
3.132275132275132,219
3.1323003575685338,30
3.1323076923076925,33
3.1323210412147504,58
3.132332878581173,37
3.1323529411764706,131
3.132369299221357,24
3.1323763955342905,45
3.1323828920570267,36
3.132394366197183,99
3.132408575031526,33
3.132420091324201,74
3.132429614181439,36
3.132437619961612,42
3.1324503311258276,36
3.1324599708879184,36
3.1324675324675324,45
3.1324736225087926,26
3.1324786324786325,36
3.1325301204819276,589
3.132579650565262,30
3.1325842696629214,27
3.1325898389095417,38
3.132596685082873,39
3.1326053042121687,36
3.132616487455197,36
3.132631578947368,85
3.132641291810842,26
3.13265306122449,84
3.1326676176890156,45
3.132686084142395,117
3.132701421800948,25
3.1327102803738316,40
3.132720105124836,32
3.132725430597771,44
3.1327433628318584,175
3.1327649208282584,39
3.1327731092436975,52
3.132780082987552,34
3.1327913279132793,95
3.1328036322360955,32
3.1328125,38
3.132824427480916,44
3.1328320802005014,33
3.132837407013815,41
3.132867132867133,284
3.132897603485839,36
3.1329032258064515,48
3.132911392405063,40
3.132924335378323,88
3.132934131736527,39
3.132947976878613,101
3.1329608938547486,34
3.132969034608379,41
3.132978723404255,32
3.1329842931937173,32
3.1330049261083746,195
3.13302752293578,26
3.133034379671151,33
3.133047210300429,71
3.1330589849108366,32
3.1330645161290325,33
3.1330798479087454,149
3.133097762073027,29
3.1331058020477816,47
3.133113311331133,25
3.1331269349845203,115
3.13314447592068,39
3.133159268929504,94
3.1331719128329296,34
3.1331828442437923,82
3.1331923890063424,46
3.1332007952286283,53
3.133214920071048,48
3.13322632423756,32
3.1332357247437774,43
3.1332436069986542,33
3.133250311332503,33
3.1332560834298957,29
3.133261105092091,28
3.133265513733469,35
3.1333333333333333,836
3.1334002006018054,25
3.1334044823906084,35
3.1334093500570126,30
3.1334149326805387,33
3.1334214002642007,23
3.133428981348637,30
3.133437990580848,36
3.1334488734835357,40
3.133462282398453,38
3.13347022587269,38
3.1334792122538295,63
3.1334894613583137,19
3.133501259445844,87
3.1335149863760217,39
3.1335311572700295,98
3.1335436382754995,42
3.1335504885993486,41
3.133557800224467,26
3.1335740072202167,137
3.133592736705577,43
3.133603238866397,90
3.1336146272855134,34
3.1336206896551726,38
3.133640552995392,177
3.133663366336634,37
3.1336717428087986,29
3.133678756476684,36
3.1336898395721926,89
3.1337016574585634,33
3.133709981167608,43
3.133720930232558,37
3.1337278106508877,26
3.1337579617834397,297
3.133786848072562,29
3.133793103448276,38
3.1338028169014085,38
3.133810010214505,38
3.1338199513381997,86
3.133834586466165,32
3.133841131664853,35
3.1338582677165356,142
3.1338766006984864,30
3.133884297520661,34
3.1338912133891212,34
3.133903133903134,87
3.1339173967459324,37
3.1339285714285716,71
3.133937562940584,31
3.1339449541284403,41
3.133956386292835,33
3.1339648173207038,36
3.1339712918660285,36
3.1339764201500535,31
3.134020618556701,534
3.134065934065934,26
3.1340713407134073,30
3.1340782122905027,36
3.134087237479806,43
3.1340996168582373,42
3.1341077085533264,44
3.1341176470588237,80
3.134130146082337,31
3.1341463414634148,128
3.1341600901916573,34
3.1341681574239715,34
3.1341772151898732,36
3.134199134199134,176
3.1342200725513907,36
3.134228187919463,45
3.1342351716961496,33
3.1342465753424658,86
3.134259259259259,31
3.1342685370741483,72
3.1342812006319116,44
3.134289439374185,42
3.1342952275249725,22
3.1343283582089554,330
3.134358974358974,38
3.1343638525564805,34
3.1343705799151342,45
3.1343804537521813,38
3.134396355353075,81
3.1344086021505375,33
3.134426229508197,132
3.134443021766965,39
3.134453781512605,80
3.134466769706337,32
3.1344743276283618,38
3.134479271991911,37
3.134502923976608,237
3.1345291479820627,31
3.1345353675450762,38
3.1345454545454547,38
3.1345532831001077,33
3.134564643799472,80
3.1345755693581783,36
3.13458262350937,44
3.1345911949685537,32
3.1346153846153846,185
3.13463751438435,25
3.13464447806354,40
3.1346578366445916,64
3.134670487106017,38
3.134676564156946,37
3.1346938775510202,183
3.134715025906736,46
3.1347248576850095,45
3.134734239802225,33
3.1347517730496453,114
3.1347678369195924,32
3.13477537437604,38
3.134782608695652,31
3.134796238244514,122
3.134808853118712,27
3.1348148148148147,47
3.134831460674157,96
3.1348464619492655,34
3.1348600508905853,76
3.134872417982989,33
3.1348837209302327,69
3.1348940914158305,29
3.1349036402569594,75
3.1349124613800208,37
3.134920634920635,49
3.134935304990758,47
3.134948096885813,40
3.1349593495934958,36
3.1349693251533743,34
3.134978229317852,44
3.1349862258953167,36
3.134993446920052,39
3.135,39
3.1350059737156513,39
3.135011441647597,24
3.1350164654226127,33
3.1350210970464136,42
3.13502538071066,27
3.135135135135135,1447
3.1352459016393444,39
3.1352502662406816,31
3.1352549889135255,25
3.1352601156069366,28
3.135265700483092,34
3.1352718078381794,38
3.1352785145888595,31
3.1352859135285915,34
3.135294117647059,47
3.135303265940902,33
3.1353135313531353,40
3.1353251318101933,37
3.1353383458646618,43
3.1353535353535356,84
3.1353620146904513,26
3.1353711790393013,62
3.135381114903299,36
3.1353919239904986,75
3.1354037267080743,32
3.1354166666666665,96
3.1354309165526675,31
3.1354466858789625,102
3.1354642313546424,36
3.1354705274043435,42
3.1354838709677417,121
3.135498320268757,23
3.1355060034305318,40
3.135514018691589,25
3.1355311355311355,129
3.135549872122762,43
3.135559921414538,45
3.1355704697986577,33
3.1355759429153927,36
3.135593220338983,184
3.13561190738699,33
3.135618479880775,38
3.135632183908046,76
3.135646687697161,43
3.135654261704682,39
3.135678391959799,237
3.135699373695198,36
3.1357048748353096,26
3.1357142857142857,35
3.1357220412595006,35
3.1357340720221605,95
3.1357466063348416,29
3.135755258126195,46
3.1357664233576643,40
3.1357733175914992,27
3.1358024691358026,275
3.1358288770053475,27
3.1358344113842174,48
3.1358428805237315,46
3.1358574610244987,72
3.135869565217391,38
3.1358885017421603,124
3.135902636916836,26
3.135908440629471,38
3.1359223300970873,81
3.1359325605900947,36
3.1359404096834265,40
3.13595166163142,45
3.135959339263024,29
3.1359649122807016,28
3.136,368
3.1360332294911735,31
3.136038186157518,36
3.1360448807854135,33
3.1360544217687076,47
3.136069114470842,68
3.136079900124844,36
3.136094674556213,104
3.1361079865016874,27
3.1361161524500907,42
3.136125654450262,34
3.1361310133060387,34
3.136150234741784,196
3.1361702127659576,32
3.1361760660247593,33
3.1361867704280155,42
3.136196319018405,28
3.1362126245847177,131
3.136226034308779,36
3.136231884057971,44
3.1362467866323906,99
3.136258660508083,38
3.1362683438155137,75
3.136283185840708,37
3.1362940275650844,35
3.136302294197031,36
3.1363088057901085,31
3.1363140676117776,28
3.1363636363636362,565
3.1364124597207304,31
3.136417556346382,31
3.1364238410596026,29
3.136431784107946,29
3.1364421416234887,42
3.1364562118126273,87
3.1364653243847873,19
3.1364764267990073,72
3.136490250696379,45
3.1365079365079365,135
3.1365227537922986,25
3.1365313653136533,41
3.1365409622886866,44
3.1365461847389557,26
3.1365638766519823,169
3.1365853658536587,38
3.136593591905565,37
3.1366006256517207,32
3.1366120218579234,91
3.1366245694603903,24
3.1366336633663368,46
3.1366459627329193,34
3.136653895274585,41
3.1366594360086766,32
3.1366906474820144,330
3.136723163841808,34
3.136729222520107,31
3.1367380560131797,38
3.1367521367521367,80
3.136762860727729,38
3.13677811550152,115
3.1367924528301887,33
3.136801541425819,32
3.136812411847673,44
3.136818687430478,30
3.136842105263158,219
3.1368680641183726,26
3.136876006441224,46
3.136890951276102,81
3.136904761904762,39
3.1369112814895947,26
3.136929460580913,162
3.136950904392765,41
3.1369606003752346,41
3.136969696969697,26
3.136986301369863,139
3.1370010787486518,28
3.137007874015748,38
3.1370143149284253,34
3.1370262390670556,90
3.1370420624151967,38
3.1370558375634516,70
3.137067938021454,34
3.1370786516853935,65
3.1370882040382573,30
3.1370967741935485,88
3.137111517367459,42
3.137123745819398,42
3.13713405238829,34
3.137142857142857,41
3.137150466045273,29
3.13715710723192,34
3.1371629542790154,38
3.1371681415929205,23
3.13717277486911,30
3.1372549019607843,1000
3.1373346897253307,27
3.1373390557939915,28
3.137343927355278,37
3.1373493975903615,28
3.1373555840821568,45
3.1373626373626373,33
3.137370753323486,52
3.137380191693291,44
3.137391304347826,34
3.1374045801526718,43
3.1374122367101305,23
3.1374207188160677,68
3.137430167597765,19
3.137440758293839,73
3.137452711223203,34
3.137466307277628,97
3.137481910274964,40
3.1375,118
3.1375137513751374,33
3.1375212224108657,43
3.1375291375291376,28
3.137546468401487,131
3.1375661375661377,31
3.137577002053388,92
3.1375886524822696,37
3.1375947995666307,28
3.1376146788990824,180
3.137637028014616,36
3.1376451077943615,39
3.1376518218623484,33
3.137662337662338,88
3.1376734258271077,27
3.13768115942029,42
3.1376912378303197,43
3.1376975169300225,28
3.1377245508982035,232
3.1377497371188223,26
3.1377551020408165,39
3.1377633711507293,41
3.137777777777778,70
3.1377899045020463,41
3.137809187279152,114
3.137823834196891,32
3.1378299120234603,41
3.137844611528822,93
3.137855579868709,25
3.137864077669903,48
3.1378763866877972,43
3.137884872824632,40
3.137891077636153,36
3.1378958120531153,39
3.1379310344827585,380
3.1379657603222557,32
3.137970353477765,35
3.137976346911958,28
3.137984496124031,32
3.1379962192816637,46
3.1380042462845013,29
3.138014527845036,86
3.1380281690140843,38
3.138047138047138,136
3.1380645161290324,45
3.1380753138075312,72
3.1380880121396055,29
3.138095238095238,36
3.138121546961326,225
3.138144329896907,43
3.138149556400507,30
3.138157894736842,34
3.1381733021077283,96
3.138187221396731,44
3.1381936887921653,26
3.138211382113821,164
3.1382316313823164,34
3.1382405745062836,40
3.1382488479262673,38
3.1382636655948555,126
3.1382765531062122,26
3.138282387190684,47
3.1382978723404253,89
3.138310893512852,32
3.1383219954648527,93
3.1383315733896517,28
3.1383399209486167,52
3.138353765323993,37
3.138364779874214,40
3.138373751783167,35
3.1383812010443863,27
3.138387484957882,30
3.138392857142857,22
3.138397502601457,26
3.1384615384615384,761
3.1385237613751262,32
3.1385281385281387,26
3.138533178114086,33
3.138539042821159,26
3.1385459533607682,42
3.13855421686747,40
3.1385642737896493,35
3.1385767790262173,43
3.138592750533049,78
3.138602520045819,38
3.1386138613861387,77
3.138627187079408,43
3.1386430678466075,104
3.138655462184874,27
3.1386623164763456,44
3.1386696730552424,32
3.1386861313868613,132
3.1387054161162484,40
3.1387163561076603,78
3.138728323699422,44
3.13873473917869,25
3.138755980861244,187
3.1387755102040815,37
3.138780804150454,38
3.1387900355871885,31
3.1387978142076505,24
3.138810198300283,80
3.1388235294117646,38
3.1388329979879277,84
3.138845553822153,41
3.1388535031847136,34
3.138858988159311,24
3.138888888888889,282
3.1389183457051963,26
3.1389236545682104,35
3.1389312977099237,30
3.1389432485322897,48
3.138952164009112,31
3.138964577656676,91
3.1389759665621733,26
3.1389830508474574,45
3.1389913899138993,32
3.1390134529147984,178
3.1390319258496397,41
3.1390374331550803,39
3.139047619047619,48
3.1390568319226118,26
3.1390728476821192,131
3.1390862944162436,34
3.1390922401171304,43
3.1391076115485563,93
3.1391200951248512,33
3.139130434782609,73
3.139139139139139,24
3.1391465677179964,45
3.1391585760517797,41
3.139167862266858,37
3.1391752577319587,35
3.1391812865497077,45
3.139186295503212,23
3.1392405063291138,597
3.139293139293139,25
3.1392978482446208,44
3.1393034825870645,34
3.139310344827586,44
3.1393188854489162,33
3.1393298059964727,32
3.139344262295082,81
3.1393534002229653,24
3.139364303178484,90
3.1393775372124493,38
3.139393939393939,118
3.1394072447859496,27
3.1394148020654047,36
3.139423076923077,30
3.139442231075697,141
3.1394594594594594,24
3.1394658753709197,44
3.1394799054373523,83
3.1394957983193277,35
3.139504563233377,33
3.1395101171459,30
3.13953488372093,247
3.1395592864637987,32
3.139564660691421,45
3.1395730706075535,39
3.139588100686499,73
3.1396011396011394,35
3.1396070320579113,27
3.139622641509434,128
3.1396396396396398,35
3.139646869983949,48
3.1396534148827726,34
3.1396648044692737,109
3.1396786155747836,31
3.139689578713969,71
3.1396984924623115,27
3.139705882352941,39
3.1397174254317113,40
3.1397260273972605,43
3.1397326852976915,33
3.1397379912663754,30
3.139784946236559,474
3.139830508474576,21
3.139835487661575,44
3.1398416886543536,38
3.1398496240601506,44
3.13986013986014,40
3.139874739039666,69
3.139884393063584,40
3.139896373056995,82
3.1399116347569955,44
3.139917695473251,42
3.1399317406143346,132
3.1399491094147582,35
3.1399594320486814,80
3.13997113997114,40
3.139977603583427,35
3.14,214
3.1400220507166483,26
3.14002828854314,41
3.1400394477317555,49
3.14004914004914,30
3.1400651465798046,125
3.1400832177531206,42
3.140096618357488,86
3.140106951871658,26
3.140115163147793,41
3.140127388535032,37
3.140136054421769,31
3.1401425178147266,34
3.1401475237091674,22
3.1401869158878504,459
3.140225179119754,32
3.1402298850574715,39
3.1402359108781126,29
3.1402439024390243,34
3.140255009107468,41
3.1402623612512612,28
3.1402714932126696,91
3.1402831402831404,31
3.1402985074626866,99
3.140311804008909,26
3.1403197158081704,30
3.140328697850822,28
3.1403508771929824,159
3.1403726708074533,35
3.1403812824956674,36
3.140388768898488,28
3.140401146131805,90
3.1404151404151404,27
3.1404255319148935,78
3.1404399323181047,48
3.140449438202247,41
3.140456182472989,28
3.140461215932914,31
3.1404958677685952,389
3.140529531568228,36
3.140534262485482,36
3.1405405405405404,42
3.1405492730210014,45
3.140562248995984,90
3.1405714285714286,35
3.140583554376658,92
3.140600315955766,37
3.140607424071991,37
3.140625,132
3.140642303433001,32
3.1406491499227203,36
3.1406649616368285,90
3.1406761177753544,26
3.140684410646388,45
3.140695915279879,38
3.14070351758794,35
3.140708915145005,20
3.140740740740741,311
3.1407716371220022,27
3.1407766990291264,33
3.1407837445573294,50
3.1407942238267146,36
3.1408016443987665,35
3.1408114558472553,82
3.140825035561878,33
3.1408308004052685,32
3.140845070422535,122
3.1408647140864714,56
3.140877598152425,69
3.140893470790378,34
3.140902872777018,45
3.140909090909091,37
3.140939597315436,300
3.140969162995595,33
3.1409749670619234,41
3.140983606557377,38
3.140997830802603,77
3.1410090556274257,35
3.141025641025641,126
3.1410419313850064,39
3.1410526315789475,66
3.1410658307210033,35
3.1410736579275906,38
3.141078838174274,31
3.1411042944785277,298
3.1411290322580645,28
3.141133896260555,33
3.141141141141141,46
3.1411530815109345,44
3.1411625148279954,33
3.1411764705882352,84
3.1411901983663943,44
3.141199226305609,46
3.1412103746397695,41
3.1412169919632604,46
3.1412429378531073,230
3.1412680756395996,26
3.141274238227147,41
3.141284403669725,40
3.141292442497262,28
3.141304347826087,87
3.141316073354908,25
3.1413237924865833,41
3.1413333333333333,38
3.141339001062699,23
3.141361256544503,235
3.1413828689370487,25
3.141388174807198,33
3.1413969335604772,43
3.141403865717192,40
3.1414141414141414,71
3.141424272818455,37
3.141430948419301,46
3.141439205955335,34
3.1414634146341465,204
3.1414868105515588,29
3.1414944356120826,35
3.141509433962264,83
3.141524105754277,49
3.1415313225058004,35
3.141552511415525,182
3.141573033707865,41
3.1415797317436662,45
3.1415929203539825,78
3.141605839416058,43
3.1416122004357296,24
3.1416309012875536,172
3.141649048625793,24
3.1416549789621318,47
3.1416666666666666,80
3.1416781292984868,49
3.141683778234086,37
3.1417004048582995,163
3.141721854304636,35
3.141732283464567,47
3.141742522756827,34
3.1417624521072796,138
3.1417816813048933,34
3.1417910447761193,40
3.1418002466091246,37
3.1418181818181816,138
3.141835518474374,32
3.141843971631206,30
3.141852286049238,36
3.141868512110727,119
3.1418842224744608,31
3.141891891891892,41
3.141899441340782,41
3.1419141914191417,134
3.1419284940411703,27
3.141935483870968,47
3.141942369263607,31
3.141955835962145,123
3.1419689119170986,29
3.1419753086419755,39
3.1419816138917263,40
3.1419939577039275,117
3.1420118343195265,45
3.1420289855072463,92
3.1420454545454546,33
3.1420612813370474,99
3.1420765027322406,51
3.1420911528150133,94
3.142105263157895,46
3.1421188630490957,82
3.1421319796954315,38
3.14214463840399,86
3.142156862745098,34
3.1421686746987953,86
3.1421800947867298,39
3.1421911421911424,97
3.1422018348623855,38
3.1422121896162527,94
3.1422222222222222,26
3.1422319474835887,75
3.1422413793103448,27
3.142250530785563,74
3.1422594142259412,33
3.1422680412371133,69
3.1422764227642275,41
3.1422845691382766,91
3.142300194931774,45
3.1423149905123338,43
3.142329020332717,38
3.142342342342342,35
3.142355008787346,39
3.142367066895369,40
3.1423785594639866,35
3.1423895253682486,39
3.1424,39
3.1424100156494523,35
3.1424196018376724,40
3.1424287856071964,53
3.142437591776799,37
3.1424460431654677,42
3.142454160789845,38
3.1424619640387275,41
3.1424694708276797,33
3.1424766977363516,39
3.142483660130719,38
3.142490372272144,33
3.14249684741488,37
3.1425030978934325,44
3.1425091352009744,29
3.1425149700598802,39
3.142520612485277,37
3.1425260718424104,35
3.142531356898518,44
3.142536475869809,43
3.1425414364640885,31
3.1425462459194775,30
3.142550911039657,29
3.1425554382259766,23
3.142559833506764,37
3.1425641025641027,40
3.142568250758342,33
3.142857142857143,4041
3.1431431431431434,39
3.1431472081218272,34
3.1431513903192583,31
3.143155694879833,29
3.1431601272534464,28
3.1431646932185147,29
3.1431693989071037,33
3.1431742508324083,35
3.1431792559188274,41
3.143184421534937,34
3.1431897555296855,36
3.143195266272189,33
3.1432009626955475,28
3.1432068543451654,29
3.1432129514321296,43
3.1432192648922688,37
3.1432258064516128,27
3.14323258869908,46
3.143239625167336,27
3.1432469304229196,44
3.1432545201668987,39
3.143262411347518,40
3.143270622286541,45
3.1432791728212703,43
3.143288084464555,35
3.143297380585516,40
3.1433070866141732,32
3.143317230273752,42
3.14332784184514,35
3.1433389544688026,43
3.143350604490501,35
3.1433628318584073,33
3.143375680580762,35
3.143389199255121,47
3.1434034416826004,40
3.143418467583497,45
3.1434343434343432,77
3.1434426229508197,45
3.1434511434511436,87
3.1434599156118144,23
3.143468950749465,71
3.143478260869565,29
3.143487858719647,91
3.1434977578475336,39
3.143507972665148,92
3.1435185185185186,34
3.143529411764706,73
3.1435406698564594,34
3.1435523114355233,87
3.1435643564356437,47
3.1435768261964734,86
3.1435897435897435,33
3.143603133159269,98
3.143617021276596,35
3.143631436314363,90
3.143646408839779,40
3.1436619718309857,78
3.1436781609195403,48
3.1436950146627565,87
3.143712574850299,56
3.143718592964824,44
3.143730886850153,126
3.143743536711479,36
3.14375,34
3.143756558237146,35
3.143769968051118,134
3.1437837837837836,31
3.1437908496732025,36
3.1437980241492864,34
3.1438127090301005,137
3.1438278595696487,37
3.143835616438356,43
3.143843498273878,39
3.143859649122807,130
3.1438763376932224,35
3.143884892086331,37
3.1438935912938333,42
3.143911439114391,141
3.143929912390488,36
3.143939393939394,42
3.1439490445859875,42
3.1439688715953307,127
3.1439894319682957,31
3.144,94
3.1440107671601614,33
3.1440162271805274,30
3.1440329218106995,167
3.144050104384134,32
3.144055944055944,48
3.1440677966101696,74
3.1440798858773182,33
3.1440860215053763,35
3.1441048034934496,160
3.1441241685144123,34
3.1441307578008915,39
3.144144144144144,83
3.1441578148710168,39
3.1441647597254003,41
3.144186046511628,190
3.144208037825059,30
3.144215530903328,36
3.144230769230769,78
3.1442463533225284,40
3.1442542787286065,32
3.144278606965174,202
3.144298688193744,37
3.1443037974683543,40
3.1443123938879456,38
3.1443193449334697,44
3.1443298969072164,75
3.1443406022845277,36
3.1443478260869564,33
3.1443569553805775,46
3.14436248682824,26
3.144385026737968,212
3.1444082519001086,36
3.1444141689373297,41
3.1444241316270567,43
3.1444321940463067,36
3.1444444444444444,94
3.144456886898096,33
3.144465290806754,41
3.144475920679887,37
3.1444823663253696,40
3.1445086705202314,253
3.144535840188014,27
3.144542772861357,41
3.1445544554455447,56
3.144563918757467,34
3.144578313253012,133
3.1445929526123937,33
3.144602851323829,81
3.144615384615385,40
3.1446229913473425,46
3.144628099173554,32
3.1446540880503147,262
3.1446808510638298,35
3.144686299615877,34
3.144694533762058,42
3.1447084233261338,67
3.1447196870925684,37
3.1447368421052633,142
3.144754316069057,35
3.1447661469933186,83
3.144781144781145,42
3.144790257104195,36
3.1447963800904977,38
3.1448275862068966,261
3.1448598130841123,31
3.1448663853727146,42
3.1448763250883394,39
3.144883485309017,32
3.1448931116389547,78
3.144906743185079,46
3.144912641315519,31
3.1449275362318843,139
3.144942648592284,33
3.1449487554904834,38
3.1449631449631448,96
3.1449735449735448,36
3.1449814126394053,48
3.1449925261584455,44
3.145,39
3.1450053705692804,38
3.145038167938931,339
3.1450719822812845,32
3.145077720207254,30
3.145085803432137,39
3.145098039215686,46
3.1451068616422946,36
3.1451187335092348,93
3.145135566188198,46
3.145142857142857,37
3.1451612903225805,171
3.1451800232288036,30
3.1451876019575855,34
3.14519427402863,34
3.1452054794520548,89
3.145218417945691,27
3.145228215767635,80
3.1452420701168613,42
3.1452513966480447,41
3.1452581032412965,35
3.1452631578947368,30
3.1452991452991452,383
3.1453362255965294,38
3.1453416149068323,46
3.145348837209302,41
3.1453590192644483,44
3.145374449339207,86
3.145385587863464,39
3.14540059347181,87
3.145413870246085,38
3.1454219030520645,35
3.145431145431145,32
3.1454363089267803,38
3.1454545454545455,189
3.145473041709054,41
3.145478374836173,42
3.14548802946593,46
3.1454965357967666,37
3.1455108359133126,140
3.145527369826435,24
3.1455399061032865,69
3.1455497382198954,29
3.145557655954631,39
3.1455696202531644,39
3.145578231292517,43
3.1455847255369926,32
3.1455897980871415,38
3.145631067961165,466
3.1456736035049286,35
3.145679012345679,44
3.1456859971711455,35
3.1456953642384105,32
3.1457085828343314,52
3.1457174638487206,31
3.1457286432160805,83
3.145743145743146,42
3.145748987854251,35
3.145762711864407,142
3.1457800511508953,33
3.1457905544147846,74
3.14580265095729,40
3.145809414466131,32
3.1458333333333335,235
3.14585764294049,32
3.1458646616541355,44
3.145877378435518,79
3.145888594164456,34
3.1459074733096086,135
3.1459227467811157,35
3.1459293394777266,37
3.145945945945946,93
3.145958986731001,40
3.1459694989106755,74
3.145985401459854,43
3.1459968602825747,27
3.1460055096418733,33
3.1460122699386504,45
3.146017699115044,44
3.1460221550855993,39
3.146067415730337,543
3.1461139896373056,36
3.146118721461187,33
3.1461245235069883,39
3.146131805157593,45
3.1461412151067325,31
3.146153846153846,47
3.146161934805468,24
3.1461716937354987,68
3.146183699870634,31
3.146198830409357,81
3.146211312700107,30
3.146218487394958,44
3.1462264150943398,31
3.1462450592885376,145
3.14626218851571,42
3.1462686567164178,42
3.146282973621103,86
3.1462925851703405,40
3.1462994836488813,38
3.1463087248322146,31
3.1463146314631465,32
3.1463414634146343,294
3.1463687150837987,34
3.146374829001368,34
3.146384479717813,39
3.1463917525773195,30
3.1464019851116625,100
3.146417445482866,31
3.1464245175936436,39
3.1464435146443517,157
3.1464646464646466,42
3.146473779385172,45
3.146482122260669,37
3.1464968152866244,137
3.14651493598862,33
3.146529562982005,77
3.1465416178194605,26
3.146551724137931,73
3.146567717996289,44
3.1465798045602607,36
3.146589259796807,35
3.1465968586387434,46
3.1466030989272946,33
3.1466083150984683,33
3.146612740141557,39
3.1466666666666665,688
3.1467221644120706,32
3.146726862302483,33
3.1467324290998766,45
3.1467391304347827,37
3.146747352496218,48
3.1467576791808876,44
3.146771037181996,47
3.146779303062302,44
3.146788990825688,69
3.1468005018820575,43
3.146814404432133,92
3.1468315301391034,49
3.1468381564844585,31
3.1468531468531467,131
3.1468710089399745,37
3.1468812877263583,77
3.146892655367232,32
3.14689880304679,33
3.146919431279621,167
3.146938775510204,30
3.1469440832249673,38
3.1469534050179213,34
3.146961325966851,36
3.1469740634005765,89
3.146987951807229,37
3.1469979296066253,76
3.147011308562197,33
3.147019867549669,34
3.1470258136924802,34
3.1470588235294117,331
3.14709236031927,32
3.147098515519568,31
3.147107438016529,30
3.1471215351812365,73
3.14713216957606,38
3.1471471471471473,131
3.1471610660486675,32
3.147169811320755,44
3.1471801925722147,28
3.1471861471861473,35
3.1472081218274113,225
3.147232037691402,28
3.147239263803681,31
3.147252747252747,82
3.14726507713885,39
3.1472708547888772,28
3.147286821705426,129
3.147305389221557,35
3.147313691507799,36
3.1473214285714284,39
3.147335423197492,119
3.1473533619456364,43
3.1473684210526316,80
3.1473812423873326,37
3.147392290249433,72
3.147401908801697,38
3.147410358565737,52
3.1474245115452932,31
3.1474358974358974,40
3.1474452554744525,35
3.1474530831099194,33
3.147459727385378,45
3.1474654377880182,35
3.147470398277718,38
3.1474747474747473,36
3.1475409836065573,780
3.1476091476091477,33
3.1476137624861265,34
3.1476190476190475,25
3.147625160462131,25
3.147632311977716,28
3.147640791476408,49
3.1476510067114094,43
3.147663551401869,48
3.147679324894515,83
3.1476888387824125,32
3.1476997578692494,80
3.1477124183006535,46
3.147727272727273,89
3.147738693467337,30
3.1477449455676516,35
3.147751605995717,31
3.147766323024055,125
3.147783251231527,37
3.147792706333973,49
3.14780292942743,28
3.147808358817533,26
3.1478260869565218,171
3.147846332945285,38
3.14785373608903,51
3.1478696741854635,77
3.1478800413650467,30
3.147887323943662,38
3.1478968792401627,39
3.1479028697571745,35
3.1479289940828403,239
3.147953830010493,24
3.1479591836734695,35
3.1479674796747967,36
3.1479820627802693,78
3.147994467496542,34
3.148,39
3.148014440433213,145
3.1480298189563367,33
3.1480362537764353,49
3.148051948051948,92
3.1480637813211847,30
3.1480730223123734,94
3.1480865224625623,35
3.148095909732017,36
3.1481028151774786,40
3.148108108108108,35
3.1481481481481484,434
3.1481888035126233,35
3.148194271481943,42
3.148201438848921,49
3.148211243611584,42
3.1482254697286014,74
3.1482352941176472,31
3.1482479784366575,92
3.1482649842271293,42
3.148272017837235,42
3.1482889733840302,135
3.1483050847457625,42
3.1483113069016153,51
3.148325358851675,80
3.148335015136226,37
3.148342059336824,46
3.1483516483516483,31
3.148357870894677,26
3.1483870967741936,264
3.148413510747185,27
3.148418491484185,40
3.1484257871064467,38
3.1484375,41
3.148446490218642,32
3.1484593837535013,70
3.148471615720524,36
3.148479427549195,35
3.1484888304862024,29
3.1484942886812046,29
3.1485148514851486,191
3.1485380116959063,31
3.1485451761102605,28
3.1485587583148558,88
3.1485714285714286,43
3.148577449947313,43
3.1485943775100402,163
3.1486146095717884,34
3.148623853211009,45
3.1486325802615935,28
3.1486486486486487,140
3.148663101604278,28
3.1486697965571206,45
3.1486761710794298,24
3.1486880466472305,87
3.148703956343793,37
3.1487179487179486,71
3.1487303506650544,33
3.148741418764302,71
3.1487513572204127,41
3.1487603305785123,75
3.1487758945386064,47
3.14878892733564,34
3.1488,42
3.1488095238095237,39
3.148817802503477,29
3.1488250652741514,41
3.148831488314883,37
3.1488372093023256,37
3.1488423373759646,30
3.148846960167715,26
3.148936170212766,1079
3.149023638232271,29
3.14902807775378,40
3.149032992036405,30
3.1490384615384617,41
3.1490445859872613,37
3.149051490514905,37
3.149059334298119,37
3.1490683229813663,39
3.1490787269681744,45
3.149090909090909,46
3.1491053677932404,50
3.1491136600625653,28
3.1491228070175437,78
3.1491329479768786,33
3.1491442542787285,77
3.1491569390402074,35
3.149171270718232,79
3.1491875923190547,38
3.149193548387097,28
3.149206349206349,148
3.1492204899777283,40
3.1492281303602057,47
3.1492361927144534,34
3.1492537313432836,146
3.1492734478203435,36
3.149284253578732,71
3.149295774647887,38
3.1493018259935552,37
3.1493212669683257,177
3.149342891278375,40
3.1493506493506493,35
3.149367088607595,73
3.1493775933609958,28
3.149384885764499,35
3.149394347240915,39
3.149400218102508,34
3.1494252873563218,230
3.1494483450351054,35
3.149453219927096,40
3.1494607087827426,42
3.1494736842105264,73
3.149484536082474,32
3.1495016611295683,149
3.149519890260631,36
3.149532710280374,62
3.1495422177009154,23
3.1495495495495494,43
3.1495601173020527,45
3.149567367119901,45
3.1495726495726495,36
3.1496062992125986,347
3.149638802889577,27
3.1496437054631827,34
3.14965034965035,34
3.1496598639455784,49
3.1496746203904555,82
3.149685534591195,38
3.1497005988023954,86
3.149714285714286,28
3.1497227356746764,43
3.1497326203208558,36
3.149738219895288,31
3.1497584541062804,178
3.149779735682819,29
3.149786019971469,44
3.1497975708502026,87
3.149807938540333,28
3.1498257839721253,137
3.1498405951115833,31
3.149847094801223,34
3.1498637602179835,94
3.14987714987715,32
3.149888143176734,87
3.1498973305954827,30
3.1499051233396584,48
3.1499176276771004,37
3.1499272197962154,39
3.14993481095176,39
3.1499409681227863,35
3.149946062567422,40
3.15,579
